 Table IV NASA Rotor 37 Blade Geometry
 Z and R are in centimeters

 SURFACE NUMBER     1 FROM THE HUB - hub/blade intersection.
    J      Z           R         THETA 1     THETA 2
    1   0.0281091  17.7903728  -0.1165276  -0.1165276
    2   0.0289117  17.7905216  -0.1161689  -0.1168866
    3   0.0298336  17.7906990  -0.1160065  -0.1170487
    4   0.0308953  17.7908974  -0.1158726  -0.1171829
    5   0.0321196  17.7911320  -0.1157486  -0.1173033
    6   0.0335267  17.7913952  -0.1156104  -0.1174153
    7   0.0351471  17.7917061  -0.1154515  -0.1175208
    8   0.0370063  17.7920628  -0.1152689  -0.1176199
    9   0.0391449  17.7924671  -0.1150593  -0.1177117
   10   0.0415985  17.7929344  -0.1148190  -0.1177949
   11   0.0444127  17.7934761  -0.1145432  -0.1178658
   12   0.0476459  17.7940960  -0.1142269  -0.1179202
   13   0.0513517  17.7948093  -0.1138642  -0.1179506
   14   0.0555958  17.7956276  -0.1134493  -0.1179463
   15   0.0604470  17.7965679  -0.1129756  -0.1178892
   16   0.0659739  17.7976418  -0.1124368  -0.1177464
   17   0.0722525  17.7988720  -0.1118254  -0.1174441
   18   0.0793617  17.8002663  -0.1111343  -0.1170339
   19   0.0873903  17.8018570  -0.1103558  -0.1165713
   20   0.0964298  17.8036613  -0.1094812  -0.1160503
   21   0.1065792  17.8057041  -0.1085022  -0.1154656
   22   0.1179478  17.8080196  -0.1074097  -0.1148112
   23   0.1306549  17.8106308  -0.1061939  -0.1140800
   24   0.1440579  17.8134193  -0.1049179  -0.1133096
   25   0.1589214  17.8165512  -0.1035108  -0.1124559
   26   0.1753774  17.8200626  -0.1019629  -0.1115117
   27   0.1935733  17.8239975  -0.1002646  -0.1104691
   28   0.2136664  17.8284073  -0.0984057  -0.1093191
   29   0.2358321  17.8333397  -0.0963760  -0.1080531
   30   0.2602583  17.8388596  -0.0941642  -0.1066602
   31   0.2886035  17.8453712  -0.0916304  -0.1050471
   32   0.3199688  17.8526955  -0.0888667  -0.1032662
   33   0.3546993  17.8609428  -0.0858489  -0.1012979
   34   0.3931991  17.8702374  -0.0825463  -0.0991197
   35   0.4359634  17.8807220  -0.0789183  -0.0967031
   36   0.4835941  17.8925743  -0.0749117  -0.0940131
   37   0.5367923  17.9059830  -0.0704727  -0.0910079
   38   0.5959287  17.9210377  -0.0655885  -0.0876619
   39   0.6642444  17.9385395  -0.0600255  -0.0837832
   40   0.7393873  17.9578037  -0.0540321  -0.0794927
   41   0.8220686  17.9789143  -0.0476555  -0.0747411
   42   0.9130274  18.0020809  -0.0410417  -0.0694808
   43   1.0130689  18.0276260  -0.0342713  -0.0636911
   44   1.1230490  18.0559845  -0.0269743  -0.0574633
   45   1.2438898  18.0877075  -0.0186147  -0.0508899
   46   1.3765615  18.1235409  -0.0095183  -0.0436032
   47   1.5221611  18.1642075  -0.0003641  -0.0352231
   48   1.6821645  18.2094898   0.0084433  -0.0259755
   49   1.8584132  18.2584286   0.0171298  -0.0163654
   50   2.0531344  18.3090954   0.0260697  -0.0064576
   51   2.2489705  18.3552608   0.0341808   0.0031048
   52   2.4455564  18.3981400   0.0412808   0.0121697
   53   2.6245887  18.4356232   0.0472408   0.0200153
   54   2.7874165  18.4693661   0.0520404   0.0267554
   55   2.9355154  18.4996891   0.0560518   0.0325233
   56   3.0702701  18.5266685   0.0594521   0.0375637
   57   3.1929111  18.5504856   0.0622950   0.0420569
   58   3.3045526  18.5713692   0.0646694   0.0460216
   59   3.4061687  18.5896626   0.0666516   0.0494968
   60   3.4986439  18.6057625   0.0683033   0.0525496
   61   3.5827780  18.6200142   0.0696841   0.0552402
   62   3.6593077  18.6326904   0.0708505   0.0576209
   63   3.7289159  18.6440144   0.0718462   0.0597355
   64   3.7891700  18.6536713   0.0726610   0.0615276
   65   3.8433540  18.6622581   0.0733563   0.0631081
   66   3.8918405  18.6698780   0.0739488   0.0644971
   67   3.9353437  18.6766663   0.0744560   0.0657222
   68   3.9744811  18.6827450   0.0748914   0.0668066
   69   4.0097580  18.6882038   0.0752660   0.0677689
   70   4.0415926  18.6931095   0.0755886   0.0686246
   71   4.0703344  18.6975346   0.0758667   0.0693861
   72   4.0950856  18.7013378   0.0760960   0.0700336
   73   4.1175284  18.7047863   0.0762960   0.0706141
   74   4.1378603  18.7079067   0.0764708   0.0711349
   75   4.1562614  18.7107334   0.0766237   0.0716020
   76   4.1728930  18.7132835   0.0767578   0.0720207
   77   4.1879067  18.7155876   0.0768758   0.0723962
   78   4.2014365  18.7176628   0.0769797   0.0727325
   79   4.2136097  18.7195320   0.0770713   0.0730338
   80   4.2251334  18.7212982   0.0771564   0.0733177
   81   4.2354202  18.7228813   0.0772310   0.0735697
   82   4.2445793  18.7242832   0.0772966   0.0737936
   83   4.2527142  18.7255344   0.0773542   0.0739920
   84   4.2599177  18.7266464   0.0774047   0.0741672
   85   4.2662797  18.7276192   0.0774488   0.0743216
   86   4.2718801  18.7284813   0.0774874   0.0744573
   87   4.2768002  18.7292404   0.0775204   0.0745764
   88   4.2811055  18.7299004   0.0775226   0.0746803
   89   4.2848668  18.7304783   0.0774922   0.0747712
   90   4.2881484  18.7309856   0.0774392   0.0748504
   91   4.2910085  18.7314262   0.0773706   0.0749222
   92   4.2934976  18.7318096   0.0772905   0.0750023
   93   4.2956691  18.7321415   0.0772019   0.0750908
   94   4.2975616  18.7324352   0.0771066   0.0751861
   95   4.2992072  18.7326908   0.0770053   0.0752875
   96   4.3006420  18.7329102   0.0768977   0.0753951
   97   4.3018894  18.7331028   0.0767818   0.0755108
   98   4.3029737  18.7332687   0.0766533   0.0756394
   99   4.3039212  18.7334156   0.0764972   0.0757955
  100   4.3047595  18.7335434   0.0761463   0.0761463
 SURFACE NUMBER     2 FROM THE HUB.
    J      Z           R         THETA 1     THETA 2
    1   0.0515031  18.4658165  -0.1128646  -0.1128646
    2   0.0522852  18.4659386  -0.1125243  -0.1132048
    3   0.0531849  18.4660854  -0.1123704  -0.1133586
    4   0.0542184  18.4662437  -0.1122431  -0.1134860
    5   0.0554125  18.4664383  -0.1121274  -0.1136007
    6   0.0567867  18.4666538  -0.1120020  -0.1137072
    7   0.0583667  18.4669075  -0.1118579  -0.1138080
    8   0.0601830  18.4671974  -0.1116923  -0.1139028
    9   0.0622686  18.4675312  -0.1115021  -0.1139911
   10   0.0646614  18.4679165  -0.1112840  -0.1140714
   11   0.0674075  18.4683590  -0.1110337  -0.1141411
   12   0.0705599  18.4688663  -0.1107467  -0.1141958
   13   0.0741773  18.4694519  -0.1104174  -0.1142290
   14   0.0783177  18.4701214  -0.1100407  -0.1142313
   15   0.0830502  18.4708939  -0.1096105  -0.1141868
   16   0.0884405  18.4717731  -0.1091208  -0.1140679
   17   0.0945675  18.4727879  -0.1085649  -0.1138109
   18   0.1015045  18.4739323  -0.1079362  -0.1134244
   19   0.1093360  18.4752388  -0.1072274  -0.1129879
   20   0.1181555  18.4767246  -0.1064306  -0.1124959
   21   0.1280598  18.4784069  -0.1055378  -0.1119432
   22   0.1391580  18.4803143  -0.1045400  -0.1113238
   23   0.1515592  18.4824696  -0.1034283  -0.1106310
   24   0.1646412  18.4847736  -0.1022596  -0.1098997
   25   0.1791533  18.4873638  -0.1009682  -0.1090876
   26   0.1952201  18.4902687  -0.0995447  -0.1081876
   27   0.2129913  18.4935303  -0.0979785  -0.1071909
   28   0.2326144  18.4971867  -0.0962593  -0.1060889
   29   0.2542641  18.5012875  -0.0943754  -0.1048711
   30   0.2781267  18.5058784  -0.0923150  -0.1035270
   31   0.3058199  18.5113010  -0.0899454  -0.1019648
   32   0.3364722  18.5174084  -0.0873502  -0.1002339
   33   0.3704193  18.5242939  -0.0845080  -0.0983169
   34   0.4080571  18.5320644  -0.0813932  -0.0961945
   35   0.4498710  18.5408401  -0.0779750  -0.0938452
   36   0.4964532  18.5507755  -0.0742152  -0.0912446
   37   0.5484892  18.5620193  -0.0700754  -0.0883598
   38   0.6063396  18.5746536  -0.0655532  -0.0851672
   39   0.6731775  18.5893497  -0.0604470  -0.0814768
   40   0.7466989  18.6055260  -0.0549853  -0.0773936
   41   0.8275870  18.6232491  -0.0491316  -0.0728800
   42   0.9165760  18.6426926  -0.0427807  -0.0679436
   43   1.0144483  18.6641426  -0.0358453  -0.0625808
   44   1.1220549  18.6879787  -0.0284136  -0.0566888
   45   1.2403207  18.7146893  -0.0206594  -0.0501228
   46   1.3702103  18.7449341  -0.0125372  -0.0428919
   47   1.5128113  18.7793484  -0.0039334  -0.0350467
   48   1.6695397  18.8177147   0.0051433  -0.0265367
   49   1.8421403  18.8591309   0.0142615  -0.0172334
   50   2.0326738  18.9018154   0.0232986  -0.0072438
   51   2.2240875  18.9404068   0.0316125   0.0023215
   52   2.4160790  18.9760170   0.0391080   0.0116186
   53   2.5908606  19.0070496   0.0455065   0.0196545
   54   2.7498033  19.0349865   0.0507455   0.0265647
   55   2.8943477  19.0600891   0.0551891   0.0326912
   56   3.0258377  19.0824070   0.0590055   0.0381239
   57   3.1454797  19.1020737   0.0622420   0.0428908
   58   3.2543514  19.1192818   0.0649859   0.0471305
   59   3.3534219  19.1343155   0.0673216   0.0509193
   60   3.4435551  19.1475220   0.0693234   0.0542779
   61   3.5255399  19.1591988   0.0710506   0.0572502
   62   3.6001074  19.1695747   0.0725506   0.0598924
   63   3.6679196  19.1788425   0.0738603   0.0622523
   64   3.7266099  19.1867428   0.0749534   0.0642658
   65   3.7793863  19.1937714   0.0759047   0.0660563
   66   3.8266096  19.2000084   0.0767311   0.0676452
   67   3.8689780  19.2055683   0.0774520   0.0690597
   68   3.9070919  19.2105541   0.0780825   0.0703210
   69   3.9414425  19.2150307   0.0786348   0.0714469
   70   3.9724412  19.2190571   0.0791188   0.0724518
   71   4.0004306  19.2226906   0.0795434   0.0733488
   72   4.0245295  19.2258167   0.0798993   0.0741128
   73   4.0463820  19.2286549   0.0802141   0.0747987
   74   4.0661812  19.2312202   0.0804930   0.0754144
   75   4.0840960  19.2335472   0.0807404   0.0759672
   76   4.1002913  19.2356491   0.0809599   0.0764632
   77   4.1149082  19.2375469   0.0811550   0.0769081
   78   4.1280842  19.2392597   0.0813283   0.0773069
   79   4.1399369  19.2408009   0.0814825   0.0776640
   80   4.1511598  19.2422581   0.0816268   0.0780007
   81   4.1611743  19.2435646   0.0817543   0.0783001
   82   4.1700926  19.2447205   0.0818671   0.0785660
   83   4.1780133  19.2457542   0.0819664   0.0788013
   84   4.1850243  19.2466736   0.0820540   0.0790096
   85   4.1912222  19.2474785   0.0821309   0.0791929
   86   4.1966734  19.2481899   0.0821984   0.0793541
   87   4.2014637  19.2488174   0.0822531   0.0794956
   88   4.2056561  19.2493629   0.0822662   0.0796192
   89   4.2093167  19.2498398   0.0822456   0.0797272
   90   4.2125120  19.2502594   0.0822023   0.0798213
   91   4.2152963  19.2506256   0.0821428   0.0799032
   92   4.2177224  19.2509422   0.0820719   0.0799770
   93   4.2198362  19.2512150   0.0819923   0.0800563
   94   4.2216787  19.2514591   0.0819062   0.0801427
   95   4.2232809  19.2516708   0.0818140   0.0802349
   96   4.2246747  19.2518501   0.0817157   0.0803332
   97   4.2258892  19.2520103   0.0816096   0.0804393
   98   4.2269468  19.2521477   0.0814914   0.0805575
   99   4.2278676  19.2522697   0.0813477   0.0807013
  100   4.2286863  19.2523746   0.0810244   0.0810244
 SURFACE NUMBER     3 FROM THE HUB.
    J      Z           R         THETA 1     THETA 2
    1   0.0957971  19.1402092  -0.1107700  -0.1107700
    2   0.0965538  19.1403027  -0.1104626  -0.1110773
    3   0.0974253  19.1404190  -0.1103239  -0.1112160
    4   0.0984312  19.1405449  -0.1102094  -0.1113305
    5   0.0995870  19.1406994  -0.1101043  -0.1114334
    6   0.1009179  19.1408691  -0.1099861  -0.1115286
    7   0.1024500  19.1410694  -0.1098502  -0.1116181
    8   0.1042107  19.1412983  -0.1096941  -0.1117020
    9   0.1062304  19.1415596  -0.1095149  -0.1117793
   10   0.1085496  19.1418591  -0.1093093  -0.1118485
   11   0.1112146  19.1422081  -0.1090733  -0.1119066
   12   0.1142709  19.1426067  -0.1088028  -0.1119496
   13   0.1177744  19.1430664  -0.1084925  -0.1119706
   14   0.1217908  19.1435966  -0.1081373  -0.1119595
   15   0.1263792  19.1442032  -0.1077321  -0.1118992
   16   0.1316077  19.1448994  -0.1072707  -0.1117565
   17   0.1375477  19.1456966  -0.1067471  -0.1114604
   18   0.1442751  19.1466007  -0.1061549  -0.1110821
   19   0.1518719  19.1476345  -0.1054876  -0.1106554
   20   0.1604289  19.1488056  -0.1047378  -0.1101751
   21   0.1700354  19.1501408  -0.1038977  -0.1096362
   22   0.1808002  19.1516533  -0.1029596  -0.1090333
   23   0.1928323  19.1533604  -0.1019148  -0.1083599
   24   0.2055252  19.1551933  -0.1008172  -0.1076505
   25   0.2196052  19.1572571  -0.0996054  -0.1068649
   26   0.2351965  19.1595726  -0.0982707  -0.1059965
   27   0.2524413  19.1621761  -0.0968038  -0.1050381
   28   0.2714879  19.1651058  -0.0951957  -0.1039821
   29   0.2925031  19.1683903  -0.0934360  -0.1028200
   30   0.3156702  19.1720753  -0.0915140  -0.1015428
   31   0.3425620  19.1764374  -0.0893065  -0.1000648
   32   0.3723292  19.1813564  -0.0868913  -0.0984344
   33   0.4053002  19.1869125  -0.0842458  -0.0966332
   34   0.4418662  19.1931934  -0.0813413  -0.0946388
   35   0.4824945  19.2003002  -0.0781399  -0.0924232
   36   0.5277618  19.2083492  -0.0745926  -0.0899506
   37   0.5783347  19.2174759  -0.0706522  -0.0871792
   38   0.6345727  19.2277431  -0.0663138  -0.0840832
   39   0.6995459  19.2396889  -0.0613898  -0.0804826
   40   0.7710183  19.2528324  -0.0561184  -0.0764928
   41   0.8496532  19.2672253  -0.0504940  -0.0720933
   42   0.9361599  19.2830124  -0.0444633  -0.0673078
   43   1.0313102  19.3004360  -0.0379653  -0.0621465
   44   1.1359355  19.3198204  -0.0309519  -0.0564927
   45   1.2509447  19.3415909  -0.0233817  -0.0501694
   46   1.3772979  19.3663177  -0.0152175  -0.0431433
   47   1.5160723  19.3945503  -0.0065011  -0.0354543
   48   1.6686256  19.4260674   0.0025364  -0.0271252
   49   1.8365889  19.4600296   0.0116817  -0.0178845
   50   2.0218673  19.4947891   0.0210882  -0.0077295
   51   2.2078145  19.5258503   0.0298323   0.0020042
   52   2.3941898  19.5542316   0.0377309   0.0114315
   53   2.5638025  19.5788307   0.0445689   0.0198123
   54   2.7180283  19.6009655   0.0501403   0.0269858
   55   2.8582678  19.6208458   0.0548433   0.0333978
   56   2.9858229  19.6384773   0.0589091   0.0390869
   57   3.1018529  19.6539764   0.0624342   0.0440398
   58   3.2074106  19.6674786   0.0655063   0.0484460
   59   3.3034425  19.6792297   0.0681812   0.0524113
   60   3.3907895  19.6895142   0.0704938   0.0559720
   61   3.4702287  19.6985855   0.0724943   0.0591641
   62   3.5424683  19.7066288   0.0742379   0.0620229
   63   3.6081550  19.7138081   0.0757679   0.0645825
   64   3.6650076  19.7199268   0.0770514   0.0667654
   65   3.7161200  19.7253666   0.0781726   0.0687018
   66   3.7618582  19.7301998   0.0791492   0.0704128
   67   3.8028886  19.7345085   0.0800036   0.0719302
   68   3.8397965  19.7383728   0.0807542   0.0732816
   69   3.8730626  19.7418499   0.0814158   0.0744888
   70   3.9030807  19.7449760   0.0819998   0.0755696
   71   3.9301829  19.7478008   0.0825166   0.0765387
   72   3.9535203  19.7502346   0.0829532   0.0773681
   73   3.9746823  19.7524433   0.0833431   0.0781164
   74   3.9938519  19.7544460   0.0836910   0.0787912
   75   4.0112004  19.7562618   0.0840019   0.0793999
   76   4.0268841  19.7579021   0.0842796   0.0799478
   77   4.0410385  19.7593842   0.0845280   0.0804412
   78   4.0537944  19.7607212   0.0847497   0.0808845
   79   4.0652714  19.7619247   0.0849478   0.0812828
   80   4.0761380  19.7630653   0.0851339   0.0816589
   81   4.0858335  19.7640896   0.0852992   0.0819941
   82   4.0944695  19.7649956   0.0854455   0.0822920
   83   4.1021380  19.7658024   0.0855749   0.0825562
   84   4.1089268  19.7665272   0.0856892   0.0827901
   85   4.1149278  19.7671566   0.0857897   0.0829965
   86   4.1202078  19.7677155   0.0858781   0.0831781
   87   4.1248426  19.7682056   0.0859464   0.0833375
   88   4.1289034  19.7686329   0.0859669   0.0834768
   89   4.1324511  19.7690086   0.0859537   0.0835986
   90   4.1355429  19.7693367   0.0859177   0.0837047
   91   4.1382408  19.7696247   0.0858658   0.0837973
   92   4.1405883  19.7698727   0.0858025   0.0838779
   93   4.1426363  19.7700882   0.0857307   0.0839511
   94   4.1444197  19.7702808   0.0856523   0.0840295
   95   4.1459723  19.7704449   0.0855680   0.0841137
   96   4.1473227  19.7705879   0.0854780   0.0842039
   97   4.1485000  19.7707138   0.0853804   0.0843013
   98   4.1495228  19.7708206   0.0852717   0.0844101
   99   4.1504145  19.7709179   0.0851393   0.0845426
  100   4.1512079  19.7709999   0.0848409   0.0848409
 SURFACE NUMBER     4 FROM THE HUB.
    J      Z           R         THETA 1     THETA 2
    1   0.1464480  19.8141594  -0.1089887  -0.1089887
    2   0.1471794  19.8142262  -0.1086988  -0.1092786
    3   0.1480230  19.8143101  -0.1085679  -0.1094097
    4   0.1489933  19.8144035  -0.1084596  -0.1095179
    5   0.1501113  19.8145161  -0.1083606  -0.1096153
    6   0.1513966  19.8146381  -0.1082517  -0.1097055
    7   0.1528781  19.8147850  -0.1081265  -0.1097905
    8   0.1545802  19.8149529  -0.1079827  -0.1098706
    9   0.1565313  19.8151436  -0.1078175  -0.1099445
   10   0.1587748  19.8153629  -0.1076281  -0.1100113
   11   0.1613486  19.8156147  -0.1074106  -0.1100682
   12   0.1643037  19.8159084  -0.1071612  -0.1101115
   13   0.1676931  19.8162460  -0.1068751  -0.1101352
   14   0.1715757  19.8166332  -0.1065476  -0.1101305
   15   0.1760099  19.8170815  -0.1061736  -0.1100824
   16   0.1810663  19.8175907  -0.1057477  -0.1099636
   17   0.1868096  19.8181801  -0.1052643  -0.1097080
   18   0.1933145  19.8188400  -0.1047173  -0.1093474
   19   0.2006637  19.8196030  -0.1041004  -0.1089400
   20   0.2089355  19.8204727  -0.1034065  -0.1084811
   21   0.2182289  19.8214569  -0.1026287  -0.1079656
   22   0.2286399  19.8225765  -0.1017591  -0.1073879
   23   0.2402781  19.8238487  -0.1007892  -0.1067417
   24   0.2525564  19.8252144  -0.0997690  -0.1060598
   25   0.2661786  19.8267536  -0.0986408  -0.1053028
   26   0.2812640  19.8284893  -0.0973957  -0.1044638
   27   0.2979479  19.8304424  -0.0960244  -0.1035352
   28   0.3163798  19.8326492  -0.0945170  -0.1025085
   29   0.3367176  19.8351250  -0.0928629  -0.1013747
   30   0.3591440  19.8379154  -0.0910505  -0.1001233
   31   0.3851763  19.8412247  -0.0889609  -0.0986692
   32   0.4140010  19.8449688  -0.0866655  -0.0970578
   33   0.4459306  19.8492069  -0.0841419  -0.0952718
   34   0.4813443  19.8540115  -0.0813623  -0.0932911
   35   0.5207014  19.8594608  -0.0782925  -0.0910925
   36   0.5645590  19.8656464  -0.0748883  -0.0886476
   37   0.6135625  19.8726711  -0.0711065  -0.0859215
   38   0.6680600  19.8805847  -0.0669408  -0.0828919
   39   0.7310300  19.8897953  -0.0622051  -0.0793841
   40   0.8003004  19.8999310  -0.0571145  -0.0755087
   41   0.8765089  19.9110222  -0.0516438  -0.0712355
   42   0.9603469  19.9231796  -0.0457164  -0.0665615
   43   1.0525665  19.9365997  -0.0392703  -0.0614640
   44   1.1539781  19.9515591  -0.0323361  -0.0558242
   45   1.2654761  19.9684124  -0.0249593  -0.0495116
   46   1.3880101  19.9876518  -0.0170390  -0.0426008
   47   1.5226430  20.0097275  -0.0085032  -0.0351122
   48   1.6706672  20.0344219   0.0005422  -0.0268149
   49   1.8336070  20.0609474   0.0098997  -0.0176916
   50   2.0132189  20.0878010   0.0195223  -0.0077181
   51   2.1933067  20.1113453   0.0283307   0.0020935
   52   2.3736947  20.1324978   0.0363551   0.0115550
   53   2.5378046  20.1506634   0.0433213   0.0198411
   54   2.6870184  20.1669884   0.0491752   0.0271346
   55   2.8226869  20.1816292   0.0541994   0.0337108
   56   2.9460657  20.1945744   0.0585631   0.0395744
   57   3.0582747  20.2058849   0.0623524   0.0447369
   58   3.1603317  20.2156677   0.0656333   0.0493166
   59   3.2531526  20.2241154   0.0684801   0.0534088
   60   3.3375666  20.2314625   0.0709651   0.0570849
   61   3.4143279  20.2379093   0.0731490   0.0603965
   62   3.4841218  20.2436123   0.0750822   0.0633830
   63   3.5475821  20.2486858   0.0768021   0.0660772
   64   3.6025009  20.2530079   0.0782600   0.0683881
   65   3.6518734  20.2568474   0.0795436   0.0704449
   66   3.6960514  20.2602615   0.0806679   0.0722649
   67   3.7356813  20.2633076   0.0816562   0.0738803
   68   3.7713315  20.2660427   0.0825289   0.0753203
   69   3.8034611  20.2685070   0.0833019   0.0766081
   70   3.8324525  20.2707272   0.0839882   0.0777623
   71   3.8586278  20.2727356   0.0845989   0.0787987
   72   3.8811684  20.2744694   0.0851179   0.0796867
   73   3.9016042  20.2760468   0.0855833   0.0804885
   74   3.9201212  20.2774754   0.0860007   0.0812128
   75   3.9368751  20.2787724   0.0863751   0.0818662
   76   3.9520211  20.2799492   0.0867110   0.0824553
   77   3.9656906  20.2810078   0.0870121   0.0829858
   78   3.9780118  20.2819691   0.0872818   0.0834629
   79   3.9890976  20.2828350   0.0875232   0.0838915
   80   3.9995918  20.2836552   0.0877508   0.0842967
   81   4.0089602  20.2843914   0.0879531   0.0846579
   82   4.0172987  20.2850418   0.0881326   0.0849791
   83   4.0247064  20.2856274   0.0882915   0.0852640
   84   4.0312653  20.2861462   0.0884320   0.0855163
   85   4.0370588  20.2865982   0.0885559   0.0857389
   86   4.0421610  20.2870026   0.0886626   0.0859348
   87   4.0466375  20.2873592   0.0887176   0.0861067
   88   4.0505586  20.2876701   0.0887278   0.0862573
   89   4.0539846  20.2879372   0.0887085   0.0863886
   90   4.0569711  20.2881775   0.0886694   0.0865033
   91   4.0595737  20.2883854   0.0886162   0.0866032
   92   4.0618429  20.2885647   0.0885530   0.0866901
   93   4.0638199  20.2887211   0.0884823   0.0867661
   94   4.0655394  20.2888584   0.0884057   0.0868427
   95   4.0670390  20.2889767   0.0883240   0.0869247
   96   4.0683451  20.2890816   0.0882368   0.0870118
   97   4.0694814  20.2891712   0.0881426   0.0871058
   98   4.0704665  20.2892494   0.0880379   0.0872105
   99   4.0713305  20.2893200   0.0879107   0.0873379
  100   4.0720949  20.2893791   0.0876243   0.0876243
 SURFACE NUMBER     5 FROM THE HUB.
    J      Z           R         THETA 1     THETA 2
    1   0.1942081  20.4883156  -0.1077232  -0.1077232
    2   0.1949143  20.4883595  -0.1074638  -0.1079827
    3   0.1957248  20.4884109  -0.1073469  -0.1080997
    4   0.1966596  20.4884701  -0.1072505  -0.1081960
    5   0.1977399  20.4885406  -0.1071592  -0.1082822
    6   0.1989793  20.4886169  -0.1070547  -0.1083621
    7   0.2004048  20.4887123  -0.1069345  -0.1084367
    8   0.2020436  20.4888153  -0.1067965  -0.1085061
    9   0.2039263  20.4889355  -0.1066378  -0.1085695
   10   0.2060862  20.4890747  -0.1064559  -0.1086254
   11   0.2085664  20.4892387  -0.1062472  -0.1086712
   12   0.2114148  20.4894238  -0.1060077  -0.1087027
   13   0.2146804  20.4896355  -0.1057332  -0.1087140
   14   0.2184211  20.4898815  -0.1054188  -0.1086947
   15   0.2226986  20.4901695  -0.1050599  -0.1086282
   16   0.2275707  20.4904938  -0.1046510  -0.1084778
   17   0.2331064  20.4908695  -0.1041872  -0.1081817
   18   0.2393765  20.4912930  -0.1036624  -0.1078268
   19   0.2464606  20.4917831  -0.1030705  -0.1074259
   20   0.2544369  20.4923458  -0.1024051  -0.1069747
   21   0.2633969  20.4929848  -0.1016591  -0.1064682
   22   0.2734343  20.4937134  -0.1008252  -0.1059010
   23   0.2846553  20.4945431  -0.0998956  -0.1052673
   24   0.2964939  20.4954433  -0.0989179  -0.1045995
   25   0.3096282  20.4964619  -0.0978370  -0.1038591
   26   0.3241777  20.4976139  -0.0966447  -0.1030401
   27   0.3402696  20.4989185  -0.0953320  -0.1021353
   28   0.3580491  20.5004005  -0.0938899  -0.1011372
   29   0.3776717  20.5020714  -0.0923083  -0.1000376
   30   0.3993070  20.5039597  -0.0905765  -0.0988267
   31   0.4244292  20.5062180  -0.0885820  -0.0974229
   32   0.4522457  20.5087814  -0.0863933  -0.0958693
   33   0.4830659  20.5117073  -0.0839903  -0.0941463
   34   0.5172563  20.5150318  -0.0813482  -0.0922284
   35   0.5552542  20.5188198  -0.0784360  -0.0900826
   36   0.5976029  20.5231380  -0.0752151  -0.0876660
   37   0.6449285  20.5280609  -0.0716435  -0.0849376
   38   0.6975638  20.5336170  -0.0677058  -0.0818896
   39   0.7583866  20.5400944  -0.0632040  -0.0783878
   40   0.8252952  20.5472145  -0.0583134  -0.0745957
   41   0.8989052  20.5549889  -0.0530041  -0.0704841
   42   0.9798822  20.5635033  -0.0472382  -0.0659580
   43   1.0689555  20.5729065  -0.0409831  -0.0609215
   44   1.1669205  20.5834217  -0.0342329  -0.0553245
   45   1.2746440  20.5953388  -0.0269637  -0.0491383
   46   1.3930657  20.6090565  -0.0190158  -0.0423551
   47   1.5232327  20.6249390  -0.0103494  -0.0349417
   48   1.6663675  20.6427612  -0.0012410  -0.0267832
   49   1.8238941  20.6617928   0.0081112  -0.0177455
   50   1.9974247  20.6806622   0.0177617  -0.0077820
   51   2.1712599  20.6966038   0.0267924   0.0019951
   52   2.3452802  20.7104263   0.0351204   0.0114435
   53   2.5035551  20.7220612   0.0422115   0.0197993
   54   2.6474543  20.7324753   0.0482925   0.0272439
   55   2.7782855  20.7417812   0.0534846   0.0338658
   56   2.8972452  20.7499428   0.0579871   0.0397825
   57   3.0054176  20.7569790   0.0619408   0.0450703
   58   3.1037827  20.7629585   0.0654079   0.0497648
   59   3.1932273  20.7680244   0.0684356   0.0539404
   60   3.2745566  20.7723579   0.0710680   0.0576831
   61   3.3485014  20.7761116   0.0733685   0.0610527
   62   3.4157333  20.7793999   0.0754025   0.0640959
   63   3.4768565  20.7823124   0.0772155   0.0668476
   64   3.5297501  20.7847843   0.0787593   0.0692149
   65   3.5772998  20.7869740   0.0801263   0.0713279
   66   3.6198463  20.7889252   0.0813325   0.0732038
   67   3.6580131  20.7906704   0.0824001   0.0748738
   68   3.6923459  20.7922401   0.0833474   0.0763662
   69   3.7232850  20.7936592   0.0841895   0.0777034
   70   3.7512040  20.7949409   0.0849388   0.0789038
   71   3.7764132  20.7961063   0.0856063   0.0799829
   72   3.7981186  20.7971153   0.0861739   0.0809084
   73   3.8177977  20.7980366   0.0866830   0.0817450
   74   3.8356299  20.7988739   0.0871395   0.0825008
   75   3.8517647  20.7996349   0.0875491   0.0831830
   76   3.8663518  20.8003273   0.0879166   0.0837987
   77   3.8795178  20.8009567   0.0882458   0.0843531
   78   3.8913822  20.8015251   0.0885409   0.0848521
   79   3.9020555  20.8020382   0.0888050   0.0853004
   80   3.9121628  20.8025246   0.0890540   0.0857242
   81   3.9211807  20.8029652   0.0892752   0.0861022
   82   3.9292130  20.8033504   0.0894716   0.0864385
   83   3.9363444  20.8037014   0.0896455   0.0867369
   84   3.9426618  20.8040142   0.0897991   0.0870010
   85   3.9482412  20.8042850   0.0899346   0.0872342
   86   3.9531538  20.8045273   0.0900498   0.0874393
   87   3.9574659  20.8047409   0.0901070   0.0876193
   88   3.9612415  20.8049259   0.0901203   0.0877769
   89   3.9645431  20.8050880   0.0901051   0.0879147
   90   3.9674187  20.8052349   0.0900705   0.0880346
   91   3.9699256  20.8053570   0.0900225   0.0881393
   92   3.9721098  20.8054638   0.0899648   0.0882303
   93   3.9740148  20.8055611   0.0898999   0.0883097
   94   3.9756725  20.8056450   0.0898294   0.0883809
   95   3.9771163  20.8057175   0.0897538   0.0884564
   96   3.9783738  20.8057785   0.0896731   0.0885370
   97   3.9794693  20.8058319   0.0895861   0.0886242
   98   3.9804208  20.8058796   0.0894890   0.0887211
   99   3.9812500  20.8059216   0.0893709   0.0888392
  100   3.9819870  20.8059578   0.0891051   0.0891051
 SURFACE NUMBER     6 FROM THE HUB.
    J      Z           R         THETA 1     THETA 2
    1   0.2510093  21.1617737  -0.1075098  -0.1075098
    2   0.2516874  21.1617889  -0.1072649  -0.1077547
    3   0.2524703  21.1618118  -0.1071543  -0.1078651
    4   0.2533702  21.1618366  -0.1070632  -0.1079563
    5   0.2544094  21.1618671  -0.1069767  -0.1080380
    6   0.2556036  21.1618977  -0.1068786  -0.1081138
    7   0.2569763  21.1619396  -0.1067658  -0.1081849
    8   0.2585549  21.1619816  -0.1066363  -0.1082511
    9   0.2603691  21.1620331  -0.1064874  -0.1083120
   10   0.2624506  21.1620922  -0.1063166  -0.1083663
   11   0.2648372  21.1621628  -0.1061206  -0.1084114
   12   0.2675798  21.1622410  -0.1058957  -0.1084438
   13   0.2707262  21.1623325  -0.1056377  -0.1084580
   14   0.2743277  21.1624393  -0.1053424  -0.1084456
   15   0.2784458  21.1625671  -0.1050050  -0.1083918
   16   0.2831378  21.1627064  -0.1046207  -0.1082674
   17   0.2884683  21.1628780  -0.1041844  -0.1080008
   18   0.2945075  21.1630630  -0.1036906  -0.1076476
   19   0.3013277  21.1632881  -0.1031333  -0.1072487
   20   0.3090070  21.1635437  -0.1025063  -0.1067995
   21   0.3176347  21.1638393  -0.1018028  -0.1062950
   22   0.3273015  21.1641827  -0.1010157  -0.1057297
   23   0.3381120  21.1645775  -0.1001372  -0.1050976
   24   0.3495144  21.1650124  -0.0992119  -0.1044305
   25   0.3621698  21.1655159  -0.0981875  -0.1036903
   26   0.3761876  21.1660919  -0.0970555  -0.1028705
   27   0.3916921  21.1667557  -0.0958068  -0.1019636
   28   0.4088257  21.1675186  -0.0944317  -0.1009615
   29   0.4277361  21.1683922  -0.0929196  -0.0998553
   30   0.4485886  21.1693974  -0.0912593  -0.0986356
   31   0.4728040  21.1706104  -0.0893405  -0.0972186
   32   0.4996192  21.1720104  -0.0872272  -0.0956488
   33   0.5293350  21.1736259  -0.0848986  -0.0939078
   34   0.5623018  21.1754932  -0.0823300  -0.0919736
   35   0.5989469  21.1776390  -0.0794913  -0.0898193
   36   0.6397934  21.1801128  -0.0763451  -0.0874107
   37   0.6854420  21.1829491  -0.0728515  -0.0847115
   38   0.7362157  21.1861725  -0.0689964  -0.0817048
   39   0.7948933  21.1899395  -0.0645877  -0.0782344
   40   0.8594415  21.1940765  -0.0597968  -0.0744304
   41   0.9304482  21.1985722  -0.0545836  -0.0702610
   42   1.0085638  21.2034798  -0.0488851  -0.0656793
   43   1.0944897  21.2089119  -0.0426618  -0.0606341
   44   1.1890008  21.2150307  -0.0359595  -0.0550757
   45   1.2929415  21.2220650  -0.0287702  -0.0489441
   46   1.4072407  21.2303200  -0.0208104  -0.0421492
   47   1.5329132  21.2400761  -0.0120357  -0.0346736
   48   1.6711283  21.2510967  -0.0028592  -0.0265571
   49   1.8232108  21.2627144   0.0065674  -0.0175232
   50   1.9906408  21.2736950   0.0164463  -0.0075608
   51   2.1582301  21.2821293   0.0257996   0.0022514
   52   2.3259056  21.2887306   0.0343791   0.0118761
   53   2.4783709  21.2939243   0.0415925   0.0203638
   54   2.6169844  21.2985229   0.0478049   0.0278305
   55   2.7430041  21.3025837   0.0531877   0.0344795
   56   2.8575745  21.3060379   0.0578767   0.0404579
   57   2.9617395  21.3088760   0.0619706   0.0458249
   58   3.0564439  21.3111210   0.0655402   0.0505984
   59   3.1425467  21.3128738   0.0686594   0.0548511
   60   3.2208242  21.3142529   0.0713958   0.0586651
   61   3.2919912  21.3153706   0.0738070   0.0620930
   62   3.3566906  21.3163033   0.0759413   0.0651737
   63   3.4155085  21.3170967   0.0778377   0.0679439
   64   3.4664061  21.3177643   0.0794476   0.0703193
   65   3.5121632  21.3183460   0.0808718   0.0724394
   66   3.5531003  21.3188667   0.0821285   0.0743254
   67   3.5898266  21.3193398   0.0832416   0.0760095
   68   3.6228590  21.3197746   0.0842300   0.0775187
   69   3.6526294  21.3201752   0.0851095   0.0788752
   70   3.6794941  21.3205433   0.0858926   0.0800965
   71   3.7037518  21.3208866   0.0865907   0.0811972
   72   3.7246375  21.3211899   0.0871849   0.0821437
   73   3.7435756  21.3214741   0.0877182   0.0830011
   74   3.7607315  21.3217335   0.0881968   0.0837771
   75   3.7762585  21.3219795   0.0886266   0.0844790
   76   3.7902944  21.3222008   0.0890121   0.0851129
   77   3.8029611  21.3224049   0.0893580   0.0856850
   78   3.8143773  21.3225899   0.0896680   0.0862002
   79   3.8246517  21.3227654   0.0899456   0.0866636
   80   3.8343763  21.3229256   0.0902073   0.0871022
   81   3.8430557  21.3230762   0.0904401   0.0874936
   82   3.8507848  21.3232098   0.0906466   0.0878418
   83   3.8576512  21.3233299   0.0908296   0.0881511
   84   3.8637283  21.3234406   0.0909914   0.0884251
   85   3.8690972  21.3235340   0.0911339   0.0886668
   86   3.8738246  21.3236198   0.0912591   0.0888798
   87   3.8779745  21.3236942   0.0913397   0.0890667
   88   3.8816073  21.3237629   0.0913697   0.0892303
   89   3.8847840  21.3238182   0.0913680   0.0893732
   90   3.8875506  21.3238716   0.0913454   0.0894979
   91   3.8899641  21.3239174   0.0913084   0.0896067
   92   3.8920650  21.3239555   0.0912611   0.0897013
   93   3.8938985  21.3239861   0.0912062   0.0897838
   94   3.8954935  21.3240204   0.0911452   0.0898555
   95   3.8968816  21.3240452   0.0910792   0.0899224
   96   3.8980920  21.3240681   0.0910082   0.0899934
   97   3.8991446  21.3240891   0.0909311   0.0900706
   98   3.9000607  21.3241043   0.0908445   0.0901570
   99   3.9008586  21.3241215   0.0907390   0.0902625
  100   3.9015684  21.3241329   0.0905008   0.0905008
 SURFACE NUMBER     7 FROM THE HUB.
    J      Z           R         THETA 1     THETA 2
    1   0.2974982  21.8360138  -0.1057052  -0.1057052
    2   0.2981562  21.8360043  -0.1054875  -0.1059230
    3   0.2989087  21.8359966  -0.1053896  -0.1060209
    4   0.2997777  21.8359852  -0.1053091  -0.1061014
    5   0.3007796  21.8359756  -0.1052288  -0.1061733
    6   0.3019333  21.8359585  -0.1051366  -0.1062393
    7   0.3032576  21.8359470  -0.1050307  -0.1063007
    8   0.3047828  21.8359280  -0.1049089  -0.1063572
    9   0.3065315  21.8359070  -0.1047690  -0.1064080
   10   0.3085397  21.8358841  -0.1046086  -0.1064517
   11   0.3108453  21.8358593  -0.1044244  -0.1064857
   12   0.3134891  21.8358326  -0.1042130  -0.1065057
   13   0.3165268  21.8357983  -0.1039706  -0.1065061
   14   0.3200019  21.8357620  -0.1036931  -0.1064761
   15   0.3239757  21.8357258  -0.1033760  -0.1063969
   16   0.3285034  21.8356800  -0.1030147  -0.1062201
   17   0.3336470  21.8356400  -0.1026045  -0.1059254
   18   0.3394768  21.8355865  -0.1021402  -0.1055900
   19   0.3460568  21.8355331  -0.1016160  -0.1052108
   20   0.3534709  21.8354816  -0.1010262  -0.1047833
   21   0.3617975  21.8354282  -0.1003643  -0.1043026
   22   0.3711286  21.8353767  -0.0996235  -0.1037635
   23   0.3815599  21.8353310  -0.0987964  -0.1031597
   24   0.3925709  21.8352966  -0.0979249  -0.1025213
   25   0.4047865  21.8352737  -0.0969596  -0.1018118
   26   0.4183189  21.8352623  -0.0958923  -0.1010240
   27   0.4332899  21.8352699  -0.0947145  -0.1001502
   28   0.4498350  21.8353043  -0.0934165  -0.0991818
   29   0.4680937  21.8353672  -0.0919882  -0.0981094
   30   0.4882337  21.8354683  -0.0904184  -0.0969227
   31   0.5116230  21.8356209  -0.0886025  -0.0955397
   32   0.5375238  21.8358421  -0.0866001  -0.0940032
   33   0.5662292  21.8361320  -0.0843906  -0.0922966
   34   0.5980793  21.8365116  -0.0819496  -0.0904022
   35   0.6334864  21.8369961  -0.0792471  -0.0883000
   36   0.6729566  21.8375931  -0.0762459  -0.0859665
   37   0.7170722  21.8383217  -0.0729057  -0.0833704
   38   0.7661434  21.8391800  -0.0692102  -0.0804881
   39   0.8228503  21.8402081  -0.0649701  -0.0771489
   40   0.8852334  21.8413200  -0.0603461  -0.0734530
   41   0.9538547  21.8424988  -0.0553018  -0.0693662
   42   1.0293422  21.8437614  -0.0497879  -0.0648675
   43   1.1123792  21.8451729  -0.0437707  -0.0599184
   44   1.2037189  21.8468513  -0.0372626  -0.0544315
   45   1.3041849  21.8489494  -0.0302456  -0.0483477
   46   1.4146923  21.8516960  -0.0225768  -0.0417109
   47   1.5362313  21.8552742  -0.0141873  -0.0344227
   48   1.6699204  21.8594494  -0.0051308  -0.0262694
   49   1.8169980  21.8636036   0.0045970  -0.0173545
   50   1.9788268  21.8666477   0.0148003  -0.0075968
   51   2.1406901  21.8675404   0.0242629   0.0022404
   52   2.3025632  21.8668842   0.0330150   0.0119052
   53   2.4497209  21.8656273   0.0404746   0.0203685
   54   2.5835018  21.8644009   0.0468995   0.0279177
   55   2.7051225  21.8632126   0.0524787   0.0347028
   56   2.8156872  21.8619709   0.0573190   0.0407185
   57   2.9161983  21.8606224   0.0615194   0.0460620
   58   3.0075688  21.8591518   0.0651777   0.0508775
   59   3.0906317  21.8576050   0.0683907   0.0552249
   60   3.1661370  21.8560524   0.0712389   0.0591397
   61   3.2347772  21.8545570   0.0737733   0.0626584
   62   3.2971785  21.8531532   0.0760310   0.0658149
   63   3.3539090  21.8518562   0.0780423   0.0686457
   64   3.4029982  21.8507347   0.0797471   0.0710665
   65   3.4471283  21.8497276   0.0812474   0.0732215
   66   3.4866130  21.8488407   0.0825617   0.0751338
   67   3.5220299  21.8480644   0.0837185   0.0768382
   68   3.5538909  21.8473759   0.0847432   0.0783650
   69   3.5826051  21.8467789   0.0856556   0.0797374
   70   3.6085167  21.8462448   0.0864709   0.0809743
   71   3.6319115  21.8457794   0.0872014   0.0820908
   72   3.6520565  21.8453941   0.0878267   0.0830524
   73   3.6703224  21.8450508   0.0883908   0.0839245
   74   3.6868734  21.8447456   0.0888997   0.0847148
   75   3.7018502  21.8444767   0.0893588   0.0854306
   76   3.7153881  21.8442383   0.0897725   0.0860779
   77   3.7276077  21.8440285   0.0901451   0.0866625
   78   3.7386198  21.8438416   0.0904800   0.0871894
   79   3.7485306  21.8436794   0.0907808   0.0876636
   80   3.7579129  21.8435249   0.0910650   0.0881128
   81   3.7662842  21.8433952   0.0913183   0.0885136
   82   3.7737405  21.8432751   0.0915436   0.0888707
   83   3.7803597  21.8431721   0.0917434   0.0891877
   84   3.7862256  21.8430862   0.0919202   0.0894687
   85   3.7914026  21.8430061   0.0920762   0.0897167
   86   3.7959638  21.8429375   0.0922134   0.0899353
   87   3.7999673  21.8428802   0.0922988   0.0901270
   88   3.8034730  21.8428249   0.0923326   0.0902951
   89   3.8065352  21.8427830   0.0923348   0.0904418
   90   3.8092060  21.8427429   0.0923164   0.0905698
   91   3.8115332  21.8427124   0.0922839   0.0906814
   92   3.8135602  21.8426800   0.0922412   0.0907785
   93   3.8153286  21.8426533   0.0921912   0.0908632
   94   3.8168695  21.8426342   0.0921353   0.0909370
   95   3.8182096  21.8426170   0.0920746   0.0910020
   96   3.8193777  21.8425999   0.0920091   0.0910675
   97   3.8203921  21.8425846   0.0919376   0.0911390
   98   3.8212745  21.8425732   0.0918575   0.0912191
   99   3.8220453  21.8425636   0.0917597   0.0913170
  100   3.8227301  21.8425522   0.0915383   0.0915383
 SURFACE NUMBER     8 FROM THE HUB.
    J      Z           R         THETA 1     THETA 2
    1   0.3415819  22.5104351  -0.1046687  -0.1046687
    2   0.3422144  22.5103970  -0.1044601  -0.1048773
    3   0.3429390  22.5103588  -0.1043660  -0.1049714
    4   0.3437751  22.5103130  -0.1042887  -0.1050488
    5   0.3447387  22.5102634  -0.1042142  -0.1051180
    6   0.3458469  22.5102005  -0.1041287  -0.1051820
    7   0.3471232  22.5101337  -0.1040302  -0.1052416
    8   0.3485899  22.5100517  -0.1039172  -0.1052970
    9   0.3502725  22.5099602  -0.1037873  -0.1053474
   10   0.3522047  22.5098572  -0.1036381  -0.1053914
   11   0.3544215  22.5097389  -0.1034670  -0.1054270
   12   0.3569666  22.5096035  -0.1032707  -0.1054507
   13   0.3598877  22.5094433  -0.1030453  -0.1054571
   14   0.3632315  22.5092659  -0.1027873  -0.1054380
   15   0.3670535  22.5090656  -0.1024924  -0.1053782
   16   0.3714092  22.5088348  -0.1021563  -0.1052448
   17   0.3763611  22.5085793  -0.1017744  -0.1049719
   18   0.3819656  22.5082836  -0.1013417  -0.1046392
   19   0.3882985  22.5079594  -0.1008532  -0.1042632
   20   0.3954325  22.5075970  -0.1003030  -0.1038397
   21   0.4034438  22.5071926  -0.0996849  -0.1033636
   22   0.4124212  22.5067463  -0.0989923  -0.1028299
   23   0.4224607  22.5062580  -0.0982180  -0.1022329
   24   0.4330550  22.5057526  -0.0974007  -0.1016021
   25   0.4448100  22.5052071  -0.0964939  -0.1009019
   26   0.4578341  22.5046082  -0.0954892  -0.1001252
   27   0.4722412  22.5039597  -0.0943777  -0.0992650
   28   0.4881639  22.5032673  -0.0931492  -0.0983131
   29   0.5057402  22.5025177  -0.0917933  -0.0972608
   30   0.5251267  22.5017147  -0.0902981  -0.0960984
   31   0.5476390  22.5008125  -0.0885621  -0.0947455
   32   0.5725767  22.4998455  -0.0866406  -0.0932436
   33   0.6002128  22.4988117  -0.0845134  -0.0915744
   34   0.6308775  22.4977055  -0.0821580  -0.0897171
   35   0.6649731  22.4965210  -0.0795470  -0.0876454
   36   0.7029799  22.4952450  -0.0766484  -0.0853279
   37   0.7454605  22.4938583  -0.0734249  -0.0827316
   38   0.7927198  22.4923515  -0.0698598  -0.0798463
   39   0.8473330  22.4906292  -0.0657665  -0.0765318
   40   0.9074095  22.4887142  -0.0612982  -0.0729179
   41   0.9734926  22.4865685  -0.0564282  -0.0689586
   42   1.0461845  22.4841747  -0.0511314  -0.0645724
   43   1.1261491  22.4815559  -0.0453686  -0.0596852
   44   1.2141132  22.4787712  -0.0390657  -0.0542558
   45   1.3108811  22.4759178  -0.0321520  -0.0482743
   46   1.4173379  22.4731293  -0.0245943  -0.0417845
   47   1.5344518  22.4704952  -0.0164053  -0.0346504
   48   1.6632848  22.4677830  -0.0075533  -0.0266044
   49   1.8049996  22.4644203   0.0022382  -0.0177488
   50   1.9608616  22.4594631   0.0126749  -0.0080842
   51   2.1166644  22.4527321   0.0223878   0.0016946
   52   2.2724175  22.4447422   0.0314004   0.0113862
   53   2.4139876  22.4369469   0.0391100   0.0199455
   54   2.5426891  22.4298153   0.0457506   0.0276268
   55   2.6596916  22.4232998   0.0514444   0.0345142
   56   2.7660475  22.4172802   0.0563693   0.0405876
   57   2.8627315  22.4116745   0.0606762   0.0459603
   58   2.9506187  22.4064159   0.0644778   0.0507939
   59   3.0305059  22.4015083   0.0678414   0.0551637
   60   3.1031229  22.3969631   0.0708176   0.0591144
   61   3.1691372  22.3927956   0.0734525   0.0626805
   62   3.2291543  22.3890057   0.0757880   0.0658928
   63   3.2837167  22.3855705   0.0778606   0.0687835
   64   3.3309305  22.3826199   0.0796147   0.0712593
   65   3.3733759  22.3799839   0.0811601   0.0734633
   66   3.4113553  22.3776569   0.0825175   0.0754168
   67   3.4454231  22.3755970   0.0837166   0.0771553
   68   3.4760714  22.3737659   0.0847826   0.0787100
   69   3.5036917  22.3721371   0.0857353   0.0801057
   70   3.5286193  22.3706818   0.0865898   0.0813617
   71   3.5511246  22.3693905   0.0873582   0.0824939
   72   3.5705063  22.3682919   0.0880179   0.0834676
   73   3.5880778  22.3673038   0.0886147   0.0843499
   74   3.6039984  22.3664188   0.0891546   0.0851489
   75   3.6184075  22.3656254   0.0896425   0.0858716
   76   3.6314325  22.3649158   0.0900832   0.0865249
   77   3.6431909  22.3642807   0.0904804   0.0871141
   78   3.6537862  22.3637085   0.0908382   0.0876452
   79   3.6633201  22.3632030   0.0911598   0.0881227
   80   3.6723475  22.3627224   0.0914641   0.0885748
   81   3.6804056  22.3623009   0.0917356   0.0889784
   82   3.6875801  22.3619213   0.0919771   0.0893376
   83   3.6939516  22.3615932   0.0921915   0.0896565
   84   3.6995928  22.3613014   0.0923814   0.0899390
   85   3.7045782  22.3610439   0.0925490   0.0901885
   86   3.7089648  22.3608150   0.0926859   0.0904081
   87   3.7128179  22.3606205   0.0927534   0.0906009
   88   3.7161915  22.3604469   0.0927774   0.0907698
   89   3.7191374  22.3602982   0.0927740   0.0909171
   90   3.7217071  22.3601665   0.0927526   0.0910458
   91   3.7239461  22.3600521   0.0927186   0.0911579
   92   3.7258978  22.3599510   0.0926757   0.0912556
   93   3.7275975  22.3598671   0.0926262   0.0913406
   94   3.7290776  22.3597946   0.0925715   0.0914148
   95   3.7303679  22.3597279   0.0925124   0.0914789
   96   3.7314923  22.3596706   0.0924487   0.0915424
   97   3.7324698  22.3596230   0.0923797   0.0916115
   98   3.7333186  22.3595791   0.0923025   0.0916887
   99   3.7340593  22.3595409   0.0922083   0.0917830
  100   3.7347152  22.3595066   0.0919957   0.0919957
 SURFACE NUMBER     9 FROM THE HUB.
    J      Z           R         THETA 1     THETA 2
    1   0.4127303  23.1825142  -0.1023966  -0.1023967
    2   0.4133376  23.1824532  -0.1022012  -0.1025921
    3   0.4140317  23.1823826  -0.1021131  -0.1026801
    4   0.4148352  23.1823063  -0.1020407  -0.1027527
    5   0.4157602  23.1822166  -0.1019702  -0.1028175
    6   0.4168248  23.1821060  -0.1018891  -0.1028776
    7   0.4180501  23.1819897  -0.1017957  -0.1029335
    8   0.4194560  23.1818504  -0.1016883  -0.1029855
    9   0.4210728  23.1816883  -0.1015649  -0.1030327
   10   0.4229285  23.1815071  -0.1014234  -0.1030742
   11   0.4250568  23.1812954  -0.1012609  -0.1031077
   12   0.4275002  23.1810551  -0.1010744  -0.1031301
   13   0.4303053  23.1807766  -0.1008603  -0.1031365
   14   0.4335147  23.1804600  -0.1006153  -0.1031192
   15   0.4371847  23.1801033  -0.1003351  -0.1030642
   16   0.4413686  23.1796913  -0.1000158  -0.1029418
   17   0.4461206  23.1792297  -0.0996529  -0.1026780
   18   0.4515029  23.1787033  -0.0992418  -0.1023499
   19   0.4575830  23.1781139  -0.0987774  -0.1019795
   20   0.4644295  23.1774540  -0.0982542  -0.1015625
   21   0.4721221  23.1767101  -0.0976663  -0.1010944
   22   0.4807409  23.1758862  -0.0970073  -0.1005704
   23   0.4903789  23.1749687  -0.0962703  -0.0999850
   24   0.5005504  23.1740112  -0.0954921  -0.0993679
   25   0.5118382  23.1729546  -0.0946283  -0.0986840
   26   0.5243432  23.1717873  -0.0936705  -0.0979275
   27   0.5381805  23.1705055  -0.0926103  -0.0970920
   28   0.5534713  23.1691074  -0.0914377  -0.0961709
   29   0.5703489  23.1675758  -0.0901421  -0.0951561
   30   0.5889642  23.1658974  -0.0887121  -0.0940390
   31   0.6105835  23.1639709  -0.0870501  -0.0927437
   32   0.6345305  23.1618576  -0.0852089  -0.0913100
   33   0.6610738  23.1595383  -0.0831691  -0.0897188
   34   0.6905242  23.1569939  -0.0809094  -0.0879452
   35   0.7232698  23.1541977  -0.0784047  -0.0859575
   36   0.7597721  23.1510983  -0.0756257  -0.0837152
   37   0.8005761  23.1476650  -0.0725369  -0.0811811
   38   0.8459652  23.1438637  -0.0691203  -0.0783489
   39   0.8984210  23.1394787  -0.0651947  -0.0750929
   40   0.9561219  23.1346283  -0.0608998  -0.0715516
   41   1.0195916  23.1292610  -0.0561931  -0.0676793
   42   1.0894048  23.1233215  -0.0510240  -0.0633872
   43   1.1662028  23.1167965  -0.0453548  -0.0586021
   44   1.2506874  23.1096935  -0.0391816  -0.0532961
   45   1.3436372  23.1020393  -0.0324517  -0.0474388
   46   1.4459027  23.0938816  -0.0250182  -0.0409818
   47   1.5584263  23.0852261  -0.0168926  -0.0338327
   48   1.6822165  23.0758305  -0.0081340  -0.0258578
   49   1.8183713  23.0651817   0.0015387  -0.0169774
   50   1.9680682  23.0524788   0.0120240  -0.0072720
   51   2.1176519  23.0383873   0.0220491   0.0025472
   52   2.2671480  23.0233307   0.0313646   0.0124652
   53   2.4030190  23.0092468   0.0392799   0.0213002
   54   2.5265415  22.9964390   0.0461171   0.0290951
   55   2.6388381  22.9848099   0.0519485   0.0360075
   56   2.7409198  22.9742088   0.0569593   0.0421693
   57   2.8337195  22.9645195   0.0613556   0.0476693
   58   2.9180746  22.9556427   0.0652798   0.0525763
   59   2.9947557  22.9475231   0.0687541   0.0569600
   60   3.0644615  22.9401264   0.0717994   0.0608860
   61   3.1278327  22.9334183   0.0744790   0.0644184
   62   3.1854475  22.9273548   0.0768567   0.0676130
   63   3.2378318  22.9218884   0.0789780   0.0705069
   64   3.2831635  22.9172058   0.0807856   0.0730005
   65   3.3239207  22.9130249   0.0823901   0.0752310
   66   3.3603902  22.9093342   0.0838100   0.0772158
   67   3.3931077  22.9060574   0.0850708   0.0789862
   68   3.4225395  22.9031410   0.0861931   0.0805693
   69   3.4490685  22.9005413   0.0871940   0.0819873
   70   3.4730103  22.8982162   0.0880876   0.0832591
   71   3.4946270  22.8961391   0.0888863   0.0844005
   72   3.5132444  22.8943710   0.0895677   0.0853782
   73   3.5301244  22.8927784   0.0901806   0.0862605
   74   3.5454218  22.8913422   0.0907319   0.0870566
   75   3.5592635  22.8900547   0.0912276   0.0877743
   76   3.5717764  22.8888988   0.0916731   0.0884208
   77   3.5830729  22.8878613   0.0920733   0.0890028
   78   3.5932541  22.8869324   0.0924325   0.0895262
   79   3.6024122  22.8860989   0.0927544   0.0899961
   80   3.6110876  22.8853092   0.0930583   0.0904401
   81   3.6188276  22.8846169   0.0933287   0.0908356
   82   3.6257186  22.8839951   0.0935690   0.0911875
   83   3.6318398  22.8834496   0.0937818   0.0914996
   84   3.6372635  22.8829670   0.0939701   0.0917758
   85   3.6420524  22.8825417   0.0941360   0.0920194
   86   3.6462677  22.8821640   0.0942811   0.0922339
   87   3.6499684  22.8818359   0.0943724   0.0924220
   88   3.6532111  22.8815517   0.0944109   0.0925867
   89   3.6560416  22.8812981   0.0944187   0.0927304
   90   3.6585109  22.8810863   0.0944069   0.0928558
   91   3.6606641  22.8808956   0.0943814   0.0929651
   92   3.6625400  22.8807278   0.0943466   0.0930602
   93   3.6641748  22.8805847   0.0943047   0.0931431
   94   3.6655974  22.8804626   0.0942574   0.0932152
   95   3.6668365  22.8803520   0.0942055   0.0932781
   96   3.6679156  22.8802586   0.0941493   0.0933356
   97   3.6688552  22.8801746   0.0940879   0.0933971
   98   3.6696723  22.8801060   0.0940188   0.0934663
   99   3.6703844  22.8800430   0.0939342   0.0935509
  100   3.6710162  22.8799858   0.0937424   0.0937424
 SURFACE NUMBER    10 FROM THE HUB.
    J      Z           R         THETA 1     THETA 2
    1   0.4791656  23.8550892  -0.1002074  -0.1002074
    2   0.4797475  23.8550034  -0.1000368  -0.1003780
    3   0.4804136  23.8549023  -0.0999604  -0.1004545
    4   0.4811839  23.8547878  -0.0998962  -0.1005171
    5   0.4820690  23.8546581  -0.0998257  -0.1005727
    6   0.4830909  23.8545074  -0.0997445  -0.1006234
    7   0.4842635  23.8543377  -0.0996512  -0.1006702
    8   0.4856111  23.8541355  -0.0995440  -0.1007126
    9   0.4871596  23.8539066  -0.0994208  -0.1007498
   10   0.4889373  23.8536434  -0.0992796  -0.1007806
   11   0.4909773  23.8533421  -0.0991174  -0.1008023
   12   0.4933195  23.8529968  -0.0989313  -0.1008112
   13   0.4960053  23.8525963  -0.0987179  -0.1008012
   14   0.4990805  23.8521461  -0.0984734  -0.1007614
   15   0.5025964  23.8516312  -0.0981943  -0.1006692
   16   0.5066006  23.8510361  -0.0978762  -0.1004633
   17   0.5111523  23.8503685  -0.0975150  -0.1001920
   18   0.5163090  23.8496037  -0.0971062  -0.0998837
   19   0.5221305  23.8487511  -0.0966447  -0.0995350
   20   0.5286877  23.8477955  -0.0961254  -0.0991418
   21   0.5360535  23.8467102  -0.0955427  -0.0986995
   22   0.5443072  23.8455067  -0.0948905  -0.0982030
   23   0.5535398  23.8441582  -0.0941623  -0.0976467
   24   0.5632812  23.8427410  -0.0933953  -0.0970582
   25   0.5740928  23.8411751  -0.0925457  -0.0964035
   26   0.5860693  23.8394394  -0.0916067  -0.0956760
   27   0.5993222  23.8375244  -0.0905704  -0.0948680
   28   0.6139675  23.8354168  -0.0894287  -0.0939716
   29   0.6301319  23.8330975  -0.0881727  -0.0929777
   30   0.6479600  23.8305416  -0.0867921  -0.0918762
   31   0.6686661  23.8275833  -0.0851945  -0.0905908
   32   0.6916005  23.8243217  -0.0834315  -0.0891601
   33   0.7170179  23.8207150  -0.0814831  -0.0875684
   34   0.7452241  23.8167248  -0.0793247  -0.0857983
   35   0.7765803  23.8123074  -0.0769258  -0.0838294
   36   0.8115391  23.8073826  -0.0742484  -0.0816376
   37   0.8506128  23.8018951  -0.0712540  -0.0791933
   38   0.8940781  23.7957916  -0.0679297  -0.0764790
   39   0.9443073  23.7887344  -0.0641103  -0.0733468
   40   0.9995552  23.7809334  -0.0599403  -0.0698981
   41   1.0603263  23.7723255  -0.0553722  -0.0660747
   42   1.1271698  23.7628326  -0.0503414  -0.0617996
   43   1.2006994  23.7523804  -0.0448147  -0.0570350
   44   1.2815920  23.7409363  -0.0388170  -0.0518202
   45   1.3705921  23.7284565  -0.0322875  -0.0461270
   46   1.4685192  23.7148952  -0.0250425  -0.0398103
   47   1.5762753  23.7001839  -0.0170995  -0.0327331
   48   1.6948249  23.6840572  -0.0085302  -0.0248049
   49   1.8252050  23.6660709   0.0008689  -0.0160123
   50   1.9685295  23.6455517   0.0112584  -0.0063748
   51   2.1117167  23.6240349   0.0214049   0.0033837
   52   2.2548037  23.6018295   0.0309482   0.0133207
   53   2.3848407  23.5813847   0.0391192   0.0222614
   54   2.5030644  23.5628242   0.0461604   0.0301489
   55   2.6105409  23.5460110   0.0521910   0.0371555
   56   2.7082496  23.5307655   0.0573707   0.0433888
   57   2.7970817  23.5169315   0.0618681   0.0489384
   58   2.8778412  23.5043755   0.0658287   0.0538851
   59   2.9512551  23.4929943   0.0693240   0.0583098
   60   3.0179975  23.4826946   0.0724091   0.0622799
   61   3.0786819  23.4734020   0.0751383   0.0658434
   62   3.1338661  23.4650230   0.0775594   0.0690405
   63   3.1840427  23.4574871   0.0797145   0.0719117
   64   3.2274721  23.4510326   0.0815489   0.0743712
   65   3.2665229  23.4452896   0.0831772   0.0765636
   66   3.3014677  23.4402008   0.0846191   0.0785112
   67   3.3328178  23.4356880   0.0859010   0.0802474
   68   3.3610260  23.4316635   0.0870437   0.0818004
   69   3.3864508  23.4280739   0.0880644   0.0831928
   70   3.4093971  23.4248581   0.0889773   0.0844434
   71   3.4301207  23.4219875   0.0897947   0.0855679
   72   3.4479678  23.4195328   0.0904932   0.0865325
   73   3.4641500  23.4173164   0.0911226   0.0874045
   74   3.4788120  23.4153214   0.0916895   0.0881925
   75   3.4920807  23.4135323   0.0921999   0.0889038
   76   3.5040777  23.4119205   0.0926594   0.0895456
   77   3.5149083  23.4104729   0.0930725   0.0901239
   78   3.5246692  23.4091702   0.0934436   0.0906443
   79   3.5334578  23.4080067   0.0937765   0.0911119
   80   3.5417767  23.4069061   0.0940909   0.0915540
   81   3.5492065  23.4059334   0.0943708   0.0919483
   82   3.5558200  23.4050617   0.0946196   0.0922990
   83   3.5616939  23.4043026   0.0948402   0.0926103
   84   3.5668957  23.4036198   0.0950355   0.0928859
   85   3.5714917  23.4030228   0.0952075   0.0931290
   86   3.5755346  23.4024944   0.0953547   0.0933431
   87   3.5790827  23.4020367   0.0954355   0.0935309
   88   3.5821905  23.4016361   0.0954690   0.0936954
   89   3.5849063  23.4012814   0.0954746   0.0938390
   90   3.5872724  23.4009781   0.0954620   0.0939643
   91   3.5893335  23.4007072   0.0954370   0.0940735
   92   3.5911303  23.4004745   0.0954033   0.0941685
   93   3.5926943  23.4002743   0.0953632   0.0942513
   94   3.5940580  23.4000988   0.0953179   0.0943235
   95   3.5952458  23.3999443   0.0952686   0.0943864
   96   3.5962789  23.3998127   0.0952149   0.0944422
   97   3.5971799  23.3996964   0.0951565   0.0945007
   98   3.5979598  23.3995953   0.0950908   0.0945663
   99   3.5986421  23.3995075   0.0950105   0.0946467
  100   3.5992475  23.3994274   0.0948287   0.0948287
 SURFACE NUMBER    11 FROM THE HUB.
    J      Z           R         THETA 1     THETA 2
    1   0.5318365  24.5289211  -0.0987630  -0.0987630
    2   0.5323935  24.5288086  -0.0986107  -0.0989151
    3   0.5330318  24.5286789  -0.0985428  -0.0989830
    4   0.5337697  24.5285282  -0.0984826  -0.0990384
    5   0.5346193  24.5283585  -0.0984134  -0.0990872
    6   0.5355985  24.5281620  -0.0983338  -0.0991313
    7   0.5367233  24.5279388  -0.0982423  -0.0991712
    8   0.5380156  24.5276775  -0.0981371  -0.0992068
    9   0.5394987  24.5273762  -0.0980165  -0.0992370
   10   0.5412034  24.5270290  -0.0978779  -0.0992600
   11   0.5431578  24.5266342  -0.0977190  -0.0992734
   12   0.5454023  24.5261841  -0.0975366  -0.0992724
   13   0.5479752  24.5256615  -0.0973275  -0.0992498
   14   0.5509251  24.5250645  -0.0970881  -0.0991909
   15   0.5542927  24.5243893  -0.0968147  -0.0990537
   16   0.5581312  24.5236111  -0.0965034  -0.0988120
   17   0.5624927  24.5227356  -0.0961500  -0.0985373
   18   0.5674338  24.5217285  -0.0957503  -0.0982265
   19   0.5730122  24.5206070  -0.0952994  -0.0978753
   20   0.5792935  24.5193367  -0.0947923  -0.0974796
   21   0.5863512  24.5179100  -0.0942239  -0.0970351
   22   0.5942620  24.5163136  -0.0935885  -0.0965369
   23   0.6031061  24.5145302  -0.0928798  -0.0959797
   24   0.6124387  24.5126476  -0.0921345  -0.0953915
   25   0.6227962  24.5105553  -0.0913104  -0.0947387
   26   0.6342710  24.5082417  -0.0904013  -0.0940151
   27   0.6469674  24.5056763  -0.0894005  -0.0932142
   28   0.6609957  24.5028477  -0.0883010  -0.0923287
   29   0.6764783  24.4997215  -0.0870950  -0.0913507
   30   0.6935545  24.4962730  -0.0857735  -0.0902710
   31   0.7133853  24.4922638  -0.0842491  -0.0890151
   32   0.7353496  24.4878292  -0.0825718  -0.0876217
   33   0.7596916  24.4829121  -0.0807216  -0.0860728
   34   0.7866969  24.4774513  -0.0786733  -0.0843474
   35   0.8167224  24.4713840  -0.0763942  -0.0824197
   36   0.8501909  24.4646053  -0.0738433  -0.0802592
   37   0.8875956  24.4570217  -0.0709763  -0.0778364
   38   0.9292045  24.4485741  -0.0677707  -0.0751462
   39   0.9772847  24.4387970  -0.0640464  -0.0720644
   40   1.0301700  24.4280014  -0.0599390  -0.0686984
   41   1.0883362  24.4160995  -0.0554410  -0.0649592
   42   1.1523174  24.4029808  -0.0505501  -0.0607320
   43   1.2226949  24.3885384  -0.0452252  -0.0560085
   44   1.3001213  24.3726768  -0.0393811  -0.0509064
   45   1.3853079  24.3552933  -0.0329594  -0.0453517
   46   1.4790345  24.3362484  -0.0259221  -0.0390862
   47   1.5821625  24.3153763  -0.0182282  -0.0320723
   48   1.6956146  24.2924213  -0.0098535  -0.0242992
   49   1.8203826  24.2669830  -0.0006440  -0.0156664
   50   1.9575465  24.2385311   0.0097487  -0.0062273
   51   2.0945930  24.2094593   0.0196391   0.0034939
   52   2.2315590  24.1799927   0.0296035   0.0133416
   53   2.3560460  24.1530781   0.0379078   0.0217852
   54   2.4692304  24.1286831   0.0450607   0.0295583
   55   2.5721426  24.1066093   0.0516199   0.0369880
   56   2.6657157  24.0866508   0.0569761   0.0434252
   57   2.7508101  24.0686169   0.0614756   0.0490215
   58   2.8281829  24.0523376   0.0654797   0.0540359
   59   2.8985367  24.0376511   0.0690379   0.0585268
   60   2.9625139  24.0244179   0.0721823   0.0625365
   61   3.0206954  24.0125103   0.0749624   0.0661173
   62   3.0736141  24.0017967   0.0774267   0.0693192
   63   3.1217425  23.9921665   0.0796162   0.0721841
   64   3.1634066  23.9839306   0.0814729   0.0746264
   65   3.2008739  23.9766026   0.0831128   0.0767921
   66   3.2344074  23.9701099   0.0845578   0.0787070
   67   3.2644963  23.9643478   0.0858373   0.0804083
   68   3.2915726  23.9592075   0.0869761   0.0819286
   69   3.3159800  23.9546261   0.0879934   0.0832924
   70   3.3380136  23.9505138   0.0889052   0.0845199
   71   3.3579102  23.9468384   0.0897236   0.0856264
   72   3.3750451  23.9436951   0.0904250   0.0865783
   73   3.3905857  23.9408627   0.0910585   0.0874410
   74   3.4046683  23.9383030   0.0916306   0.0882224
   75   3.4174123  23.9360027   0.0921470   0.0889295
   76   3.4289322  23.9339352   0.0926126   0.0895683
   77   3.4393358  23.9320717   0.0930320   0.0901451
   78   3.4487119  23.9304008   0.0934093   0.0906648
   79   3.4571493  23.9289074   0.0937482   0.0911323
   80   3.4651437  23.9274921   0.0940686   0.0915749
   81   3.4722791  23.9262371   0.0943542   0.0919699
   82   3.4786322  23.9251213   0.0946083   0.0923217
   83   3.4842741  23.9241314   0.0948338   0.0926341
   84   3.4892731  23.9232597   0.0950333   0.0929108
   85   3.4936829  23.9224873   0.0952094   0.0931550
   86   3.4975688  23.9218082   0.0953542   0.0933700
   87   3.5009794  23.9212151   0.0954270   0.0935588
   88   3.5039644  23.9206944   0.0954568   0.0937243
   89   3.5065722  23.9202423   0.0954606   0.0938687
   90   3.5088470  23.9198475   0.0954476   0.0939947
   91   3.5108268  23.9195061   0.0954232   0.0941045
   92   3.5125539  23.9192028   0.0953905   0.0942000
   93   3.5140586  23.9189415   0.0953520   0.0942834
   94   3.5153666  23.9187164   0.0953087   0.0943560
   95   3.5165074  23.9185181   0.0952614   0.0944193
   96   3.5175002  23.9183445   0.0952103   0.0944742
   97   3.5183654  23.9181938   0.0951545   0.0945300
   98   3.5191164  23.9180660   0.0950920   0.0945926
   99   3.5197697  23.9179535   0.0950155   0.0946691
  100   3.5203538  23.9178486   0.0948423   0.0948422
 SURFACE NUMBER    12 FROM THE HUB - blade tip section.
    J      Z           R         THETA 1     THETA 2
    1   0.6317154  25.1972466  -0.0988740  -0.0988740
    2   0.6322378  25.1971092  -0.0987322  -0.0990158
    3   0.6328344  25.1969547  -0.0986688  -0.0990792
    4   0.6335253  25.1967735  -0.0986114  -0.0991307
    5   0.6343207  25.1965714  -0.0985451  -0.0991763
    6   0.6352358  25.1963310  -0.0984690  -0.0992176
    7   0.6362887  25.1960583  -0.0983814  -0.0992552
    8   0.6374996  25.1957436  -0.0982807  -0.0992887
    9   0.6388864  25.1953793  -0.0981651  -0.0993174
   10   0.6404824  25.1949635  -0.0980325  -0.0993395
   11   0.6423125  25.1944885  -0.0978803  -0.0993530
   12   0.6444107  25.1939411  -0.0977056  -0.0993537
   13   0.6468221  25.1933136  -0.0975054  -0.0993350
   14   0.6495808  25.1925926  -0.0972761  -0.0992844
   15   0.6527340  25.1917744  -0.0970141  -0.0991682
   16   0.6563285  25.1908340  -0.0967159  -0.0989310
   17   0.6604100  25.1897697  -0.0963772  -0.0986538
   18   0.6650344  25.1885605  -0.0959941  -0.0983397
   19   0.6702577  25.1871929  -0.0955617  -0.0979849
   20   0.6761388  25.1856556  -0.0950754  -0.0975852
   21   0.6827441  25.1839218  -0.0945300  -0.0971363
   22   0.6901452  25.1819801  -0.0939198  -0.0966334
   23   0.6984227  25.1798019  -0.0932393  -0.0960710
   24   0.7071543  25.1775074  -0.0925227  -0.0954775
   25   0.7168422  25.1749554  -0.0917300  -0.0948191
   26   0.7275755  25.1721191  -0.0908546  -0.0940895
   27   0.7394485  25.1689796  -0.0898900  -0.0932826
   28   0.7525658  25.1655045  -0.0888289  -0.0923910
   29   0.7670444  25.1616669  -0.0876634  -0.0914069
   30   0.7830076  25.1574135  -0.0863843  -0.0903214
   31   0.8015459  25.1524696  -0.0849059  -0.0890595
   32   0.8220735  25.1469841  -0.0832754  -0.0876602
   33   0.8448198  25.1408844  -0.0814736  -0.0861055
   34   0.8700525  25.1340942  -0.0794751  -0.0843733
   35   0.8980987  25.1265335  -0.0772496  -0.0824376
   36   0.9293585  25.1180725  -0.0747597  -0.0802674
   37   0.9642888  25.1085873  -0.0719641  -0.0778332
   38   1.0031376  25.0980072  -0.0688407  -0.0751284
   39   1.0480218  25.0857430  -0.0652143  -0.0720192
   40   1.0973868  25.0721989  -0.0612139  -0.0686043
   41   1.1516790  25.0572758  -0.0568214  -0.0648022
   42   1.2113943  25.0408154  -0.0520166  -0.0605451
   43   1.2770740  25.0226765  -0.0467492  -0.0558698
   44   1.3493226  25.0027046  -0.0409474  -0.0508061
   45   1.4287988  24.9807281  -0.0345675  -0.0451545
   46   1.5162201  24.9565201  -0.0275830  -0.0387751
   47   1.6123732  24.9298134  -0.0199291  -0.0318154
   48   1.7181214  24.9003334  -0.0114509  -0.0240485
   49   1.8344059  24.8677197  -0.0019863  -0.0153436
   50   1.9622566  24.8315697   0.0081214  -0.0057411
   51   2.0900283  24.7951050   0.0181393   0.0038842
   52   2.2177558  24.7584496   0.0292663   0.0133584
   53   2.3338642  24.7250671   0.0377308   0.0223062
   54   2.4394398  24.6947708   0.0449127   0.0306662
   55   2.5354543  24.6673222   0.0513263   0.0378523
   56   2.6227813  24.6425095   0.0567875   0.0438055
   57   2.7022200  24.6201057   0.0615749   0.0493270
   58   2.7744846  24.5999146   0.0658038   0.0545010
   59   2.8402269  24.5817356   0.0694568   0.0591329
   60   2.9000409  24.5653706   0.0726115   0.0632085
   61   2.9544597  24.5506554   0.0753822   0.0667967
   62   3.0039716  24.5374241   0.0778435   0.0699658
   63   3.0490191  24.5255241   0.0800353   0.0727826
   64   3.0880246  24.5153389   0.0818920   0.0751822
   65   3.1231146  24.5062637   0.0835272   0.0773165
   66   3.1545303  24.4982224   0.0849632   0.0792107
   67   3.1827269  24.4910812   0.0862306   0.0808988
   68   3.2081041  24.4847012   0.0873556   0.0824092
   69   3.2309852  24.4790039   0.0883584   0.0837642
   70   3.2516439  24.4738979   0.0892548   0.0849826
   71   3.2703021  24.4693165   0.0900578   0.0860795
   72   3.2863753  24.4654007   0.0907449   0.0870217
   73   3.3009534  24.4618664   0.0913646   0.0878745
   74   3.3141630  24.4586754   0.0919234   0.0886457
   75   3.3261232  24.4558029   0.0924272   0.0893428
   76   3.3369336  24.4532166   0.0928809   0.0899722
   77   3.3466947  24.4508877   0.0932893   0.0905396
   78   3.3554926  24.4487972   0.0936564   0.0910507
   79   3.3634114  24.4469204   0.0939860   0.0915102
   80   3.3709071  24.4451485   0.0942973   0.0919449
   81   3.3776002  24.4435768   0.0945747   0.0923326
   82   3.3835602  24.4421730   0.0948213   0.0926778
   83   3.3888533  24.4409332   0.0950401   0.0929842
   84   3.3935440  24.4398346   0.0952336   0.0932554
   85   3.3976817  24.4388657   0.0954044   0.0934949
   86   3.4013298  24.4380131   0.0955511   0.0937058
   87   3.4045308  24.4372673   0.0956312   0.0938908
   88   3.4073331  24.4366169   0.0956655   0.0940529
   89   3.4097829  24.4360485   0.0956737   0.0941944
   90   3.4119184  24.4355488   0.0956650   0.0943178
   91   3.4137802  24.4351215   0.0956449   0.0944253
   92   3.4154024  24.4347382   0.0956168   0.0945191
   93   3.4168172  24.4344139   0.0955828   0.0946007
   94   3.4180484  24.4341278   0.0955443   0.0946719
   95   3.4191215  24.4338779   0.0955019   0.0947337
   96   3.4200530  24.4336624   0.0954558   0.0947876
   97   3.4208658  24.4334736   0.0954054   0.0948380
   98   3.4215736  24.4333115   0.0953487   0.0948948
   99   3.4221883  24.4331703   0.0952792   0.0949641
  100   3.4227355  24.4330425   0.0951217   0.0951216
 SURFACE NUMBER    13 FROM THE HUB - blade/shroud intersection.
    J      Z           R         THETA 1     THETA 2
    1   0.6383425  25.2322521  -0.0989159  -0.0989159
    2   0.6388631  25.2321148  -0.0987745  -0.0990574
    3   0.6394575  25.2319603  -0.0987113  -0.0991205
    4   0.6401458  25.2317810  -0.0986540  -0.0991719
    5   0.6409383  25.2315769  -0.0985880  -0.0992175
    6   0.6418501  25.2313366  -0.0985120  -0.0992587
    7   0.6428990  25.2310677  -0.0984247  -0.0992962
    8   0.6441055  25.2307510  -0.0983243  -0.0993297
    9   0.6454872  25.2303905  -0.0982090  -0.0993584
   10   0.6470772  25.2299767  -0.0980767  -0.0993807
   11   0.6489009  25.2294998  -0.0979249  -0.0993943
   12   0.6509911  25.2289543  -0.0977508  -0.0993954
   13   0.6533939  25.2283268  -0.0975510  -0.0993773
   14   0.6561421  25.2276096  -0.0973224  -0.0993278
   15   0.6592839  25.2267914  -0.0970611  -0.0992144
   16   0.6628652  25.2258549  -0.0967637  -0.0989780
   17   0.6669316  25.2247944  -0.0964259  -0.0987006
   18   0.6715390  25.2235832  -0.0960438  -0.0983865
   19   0.6767432  25.2222233  -0.0956125  -0.0980317
   20   0.6826028  25.2206879  -0.0951274  -0.0976322
   21   0.6891836  25.2189579  -0.0945833  -0.0971832
   22   0.6965570  25.2170200  -0.0939746  -0.0966802
   23   0.7048040  25.2148495  -0.0932957  -0.0961178
   24   0.7135032  25.2125607  -0.0925807  -0.0955241
   25   0.7231548  25.2100143  -0.0917897  -0.0948655
   26   0.7338477  25.2071877  -0.0909161  -0.0941356
   27   0.7456760  25.2040539  -0.0899534  -0.0933283
   28   0.7587438  25.2005882  -0.0888942  -0.0924360
   29   0.7731679  25.1967545  -0.0877305  -0.0914510
   30   0.7890702  25.1925144  -0.0864532  -0.0903644
   31   0.8075379  25.1875801  -0.0849765  -0.0891011
   32   0.8279865  25.1821041  -0.0833476  -0.0876999
   33   0.8506449  25.1760197  -0.0815471  -0.0861432
   34   0.8757798  25.1692467  -0.0795497  -0.0844088
   35   0.9037161  25.1617012  -0.0773254  -0.0824711
   36   0.9348528  25.1532574  -0.0748369  -0.0802994
   37   0.9696443  25.1437931  -0.0720435  -0.0778643
   38   1.0083371  25.1332321  -0.0689235  -0.0751587
   39   1.0530392  25.1209927  -0.0653028  -0.0720467
   40   1.1022016  25.1074772  -0.0613103  -0.0686258
   41   1.1562685  25.0925770  -0.0569255  -0.0648160
   42   1.2157325  25.0761471  -0.0521247  -0.0605547
   43   1.2811322  25.0580387  -0.0468569  -0.0558819
   44   1.3530673  25.0380993  -0.0410554  -0.0508180
   45   1.4321927  25.0161552  -0.0346777  -0.0451547
   46   1.5192199  24.9919796  -0.0276927  -0.0387652
   47   1.6149284  24.9653034  -0.0200359  -0.0318087
   48   1.7201741  24.9358521  -0.0115444  -0.0240367
   49   1.8358918  24.9032631  -0.0020538  -0.0153202
   50   1.9631026  24.8671284   0.0080262  -0.0056958
   51   2.0902195  24.8306713   0.0180654   0.0039220
   52   2.2172778  24.7940102   0.0292836   0.0133653
   53   2.3327646  24.7606125   0.0377606   0.0223811
   54   2.4377639  24.7302895   0.0449428   0.0308031
   55   2.5332463  24.7028122   0.0513227   0.0379506
   56   2.6200829  24.6779633   0.0567884   0.0438500
   57   2.6990712  24.6555252   0.0616046   0.0493628
   58   2.7709248  24.6352959   0.0658539   0.0545500
   59   2.8362918  24.6170769   0.0695137   0.0591936
   60   2.8957634  24.6006737   0.0726675   0.0632749
   61   2.9498708  24.5859203   0.0754358   0.0668639
   62   2.9990990  24.5726490   0.0778957   0.0700301
   63   3.0438879  24.5607128   0.0800867   0.0728423
   64   3.0826695  24.5504951   0.0819427   0.0752380
   65   3.1175578  24.5413914   0.0835772   0.0773700
   66   3.1487932  24.5333233   0.0850123   0.0792631
   67   3.1768284  24.5261555   0.0862788   0.0809510
   68   3.2020602  24.5197525   0.0874028   0.0824613
   69   3.2248096  24.5140324   0.0884044   0.0838165
   70   3.2453499  24.5089035   0.0892995   0.0850347
   71   3.2639012  24.5043049   0.0901012   0.0861313
   72   3.2798827  24.5003719   0.0907869   0.0870729
   73   3.2943776  24.4968224   0.0914053   0.0879251
   74   3.3075116  24.4936180   0.0919627   0.0886955
   75   3.3194032  24.4907322   0.0924652   0.0893918
   76   3.3301520  24.4881344   0.0929177   0.0900203
   77   3.3398571  24.4857960   0.0933249   0.0905869
   78   3.3486044  24.4836960   0.0936909   0.0910971
   79   3.3564782  24.4818134   0.0940194   0.0915558
   80   3.3639302  24.4800301   0.0943297   0.0919898
   81   3.3705847  24.4784489   0.0946062   0.0923768
   82   3.3765104  24.4770393   0.0948520   0.0927212
   83   3.3817730  24.4757938   0.0950700   0.0930270
   84   3.3864362  24.4746914   0.0952628   0.0932977
   85   3.3905509  24.4737186   0.0954330   0.0935367
   86   3.3941777  24.4728603   0.0955799   0.0937471
   87   3.3973606  24.4721107   0.0956609   0.0939317
   88   3.4001465  24.4714565   0.0956957   0.0940935
   89   3.4025824  24.4708843   0.0957043   0.0942346
   90   3.4047058  24.4703846   0.0956960   0.0943578
   91   3.4065573  24.4699516   0.0956763   0.0944650
   92   3.4081702  24.4695702   0.0956486   0.0945586
   93   3.4095771  24.4692421   0.0956150   0.0946400
   94   3.4108014  24.4689560   0.0955769   0.0947110
   95   3.4118683  24.4687061   0.0955349   0.0947727
   96   3.4127951  24.4684887   0.0954893   0.0948265
   97   3.4136028  24.4682980   0.0954393   0.0948765
   98   3.4143066  24.4681358   0.0953831   0.0949328
   99   3.4149184  24.4679928   0.0953141   0.0950015
  100   3.4154623  24.4678631   0.0951579   0.0951579
