0.212436D-06	0.554693D-05	0.176182D-04	0.276941D-04	0.327510D-04
0.340298D-04	0.339661D-04	0.334614D-04	0.328194D-04	0.321799D-04
0.315321D-04	0.307103D-04	0.297856D-04	0.286791D-04	
0.118490D-05	0.348235D-04	0.110658D-03	0.168158D-03	0.188620D-03
0.189046D-03	0.180687D-03	0.169733D-03	0.158723D-03	0.147388D-03
0.136072D-03	0.125266D-03	0.114767D-03	0.104932D-03	
0.718368D-05	0.156110D-03	0.414029D-03	0.587633D-03	0.667985D-03
0.681885D-03	0.659852D-03	0.616277D-03	0.562016D-03	0.504430D-03
0.448665D-03	0.397270D-03	0.350603D-03	0.308321D-03	
0.611556D-04	0.450083D-03	0.114768D-02	0.187910D-02	0.229421D-02
0.235481D-02	0.219923D-02	0.196273D-02	0.170114D-02	0.145876D-02
0.124330D-02	0.105796D-02	0.903497D-03	0.772665D-03	
0.304137D-03	0.312313D-02	0.759283D-02	0.102100D-01	0.104522D-01
0.943896D-02	0.799442D-02	0.662715D-02	0.545914D-02	0.450276D-02
0.374415D-02	0.313423D-02	0.264844D-02	0.226260D-02	
0.337296D-02	0.193727D-01	0.322017D-01	0.351045D-01	0.322548D-01
0.274936D-01	0.227791D-01	0.186715D-01	0.153085D-01	0.126615D-01
0.105548D-01	0.886905D-02	0.749580D-02	0.636764D-02	
0.355712D-01	0.699918D-01	0.842989D-01	0.851079D-01	0.774843D-01
0.664381D-01	0.551888D-01	0.452413D-01	0.369244D-01	0.300794D-01
0.245519D-01	0.201487D-01	0.166254D-01	0.137678D-01	
0.215377D+00	0.330446D+00	0.316260D+00	0.257079D+00	0.195803D+00
0.145504D+00	0.107279D+00	0.796734D-01	0.597215D-01	0.452674D-01
0.346785D-01	0.268825D-01	0.210856D-01	0.166885D-01	
0.162535D+01	0.858772D+00	0.584461D+00	0.436480D+00	0.332160D+00
0.253907D+00	0.194003D+00	0.148869D+00	0.115143D+00	0.896883D-01
0.704848D-01	0.559129D-01	0.447776D-01	0.361902D-01	
0.605911D+01	0.294704D+01	0.177100D+01	0.116264D+01	0.791587D+00
0.556699D+00	0.402242D+00	0.296892D+00	0.224596D+00	0.172313D+00
0.134737D+00	0.106549D+00	0.852946D-01	0.690429D-01	
0.776724D+00	0.725212D+00	0.590623D+00	0.456402D+00	0.341799D+00
0.254131D+00	0.189963D+00	0.143290D+00	0.109248D+00	0.842808D-01
0.659539D-01	0.522222D-01	0.418707D-01	0.338816D-01	
0.120788D+00	0.227622D+00	0.259625D+00	0.244796D+00	0.209037D+00
0.170345D+00	0.136212D+00	0.108223D+00	0.858523D-01	0.685488D-01
0.551140D-01	0.445382D-01	0.363130D-01	0.297840D-01	
0.238619D-01	0.707067D-01	0.943119D-01	0.979472D-01	0.900261D-01
0.790961D-01	0.677474D-01	0.573543D-01	0.482499D-01	0.405605D-01
0.341713D-01	0.287329D-01	0.242912D-01	0.205939D-01	
0.832125D-03	0.962922D-02	0.215420D-01	0.277047D-01	0.285694D-01
0.267568D-01	0.242728D-01	0.217839D-01	0.194646D-01	0.173809D-01
0.155078D-01	0.137939D-01	0.122823D-01	0.109095D-01	
0.570305D-03	0.324184D-02	0.678863D-02	0.950586D-02	0.107943D-01
0.108534D-01	0.103198D-01	0.961964D-02	0.887822D-02	0.820958D-02
0.759285D-02	0.702413D-02	0.650118D-02	0.600912D-02	
0.706499D-04	0.736402D-03	0.169462D-02	0.259693D-02	0.338348D-02
0.392272D-02	0.421809D-02	0.431396D-02	0.427866D-02	0.415951D-02
0.398852D-02	0.379329D-02	0.359271D-02	0.338649D-02	
0.591821D-05	0.170941D-03	0.710613D-03	0.145444D-02	0.209429D-02
0.252002D-02	0.276219D-02	0.285859D-02	0.286321D-02	0.280573D-02
0.270974D-02	0.258661D-02	0.244924D-02	0.230471D-02	
0.557763D-05	0.224458D-03	0.100866D-02	0.192864D-02	0.253482D-02
0.279297D-02	0.283848D-02	0.276545D-02	0.264314D-02	0.249442D-02
0.234218D-02	0.218862D-02	0.203991D-02	0.189747D-02	
0.188382D-04	0.540891D-03	0.175626D-02	0.273016D-02	0.314856D-02
0.319367D-02	0.305324D-02	0.285613D-02	0.264175D-02	0.243508D-02
0.223354D-02	0.205063D-02	0.188004D-02	0.172379D-02	
0.964679D-04	0.117245D-02	0.253805D-02	0.322176D-02	0.330533D-02
0.312453D-02	0.285839D-02	0.258375D-02	0.234652D-02	0.212304D-02
0.192546D-02	0.175038D-02	0.159455D-02	0.145273D-02	
0.253642D-03	0.160344D-02	0.285539D-02	0.328140D-02	0.319942D-02
0.292647D-02	0.261216D-02	0.231794D-02	0.205574D-02	0.182578D-02
0.162414D-02	0.145096D-02	0.129884D-02	0.116693D-02	
0.309914D-03	0.171827D-02	0.253830D-02	0.261789D-02	0.242638D-02
0.214973D-02	0.188057D-02	0.162626D-02	0.140211D-02	0.120929D-02
0.104462D-02	0.904649D-03	0.786925D-03	0.687002D-03	
0.202983D-04	0.457511D-03	0.138326D-02	0.210058D-02	0.231556D-02
0.221380D-02	0.195904D-02	0.166456D-02	0.139250D-02	0.115785D-02
0.961633D-03	0.800738D-03	0.669507D-03	0.563696D-03	
0.921907D-04	0.104825D-02	0.234900D-02	0.294292D-02	0.284637D-02
0.239379D-02	0.192009D-02	0.149067D-02	0.114747D-02	0.881432D-03
0.681055D-03	0.530806D-03	0.417424D-03	0.330734D-03	
0.402869D-03	0.219796D-02	0.352154D-02	0.360055D-02	0.302981D-02
0.231911D-02	0.172319D-02	0.126185D-02	0.923869D-03	0.684074D-03
0.512661D-03	0.389140D-03	0.297873D-03	0.230433D-03	
0.503590D-03	0.266559D-02	0.400698D-02	0.400397D-02	0.334898D-02
0.259794D-02	0.195355D-02	0.145798D-02	0.108861D-02	0.817211D-03
0.620281D-03	0.474646D-03	0.367583D-03	0.286990D-03	
0.684407D-04	0.124006D-02	0.333999D-02	0.465732D-02	0.486836D-02
0.440260D-02	0.376619D-02	0.311865D-02	0.255073D-02	0.207666D-02
0.169229D-02	0.138609D-02	0.114204D-02	0.944363D-03	
0.655082D-08	0.191322D-05	0.283777D-04	0.103142D-03	0.195158D-03
0.269377D-03	0.310094D-03	0.327587D-03	0.324589D-03	0.308420D-03
0.286916D-03	0.264128D-03	0.238978D-03	0.215631D-03	
0.313190D-33	0.543354D-18	0.839098D-12	0.511497D-09	0.205311D-08
0.320573D-08	0.423723D-08	0.575949D-08	0.912265D-08	0.156286D-07
0.267303D-07	0.424744D-07	0.637915D-07	0.893574D-07	
0.332872D-35	0.264618D-19	0.108548D-12	0.577928D-11	0.402883D-11
0.155761D-10	0.132056D-09	0.675059D-09	0.234736D-08	0.609484D-08
0.124465D-07	0.228773D-07	0.361832D-07	0.528304D-07	
0.948233D-07	0.346153D-06	0.393037D-06	0.301697D-06	0.203112D-06
0.130884D-06	0.843921D-07	0.552663D-07	0.373843D-07	0.262816D-07
0.192355D-07	0.150000D-07	0.135690D-07	0.135441D-07	
0.248232D-04	0.291802D-04	0.360993D-04	0.363052D-04	0.310482D-04
0.272084D-04	0.294616D-04	0.510644D-04	0.106472D-03	0.221191D-03
0.522610D-03	0.943371D-03	0.155515D-02	0.236833D-02	
0.180882D-04	0.343540D-04	0.395071D-04	0.402064D-04	0.401315D-04
0.437163D-04	0.572493D-04	0.134251D-03	0.315838D-03	0.696931D-03
0.143280D-02	0.250304D-02	0.397094D-02	0.581946D-02	
0.135119D-04	0.286902D-04	0.613848D-04	0.935179D-04	0.112679D-03
0.133020D-03	0.170630D-03	0.435590D-03	0.996780D-03	0.208063D-02
0.386600D-02	0.638604D-02	0.961532D-02	0.134174D-01	
0.119572D-03	0.302712D-03	0.417567D-03	0.430911D-03	0.403954D-03
0.418119D-03	0.601832D-03	0.137766D-02	0.301863D-02	0.591034D-02
0.101907D-01	0.157950D-01	0.224450D-01	0.297779D-01	
0.207100D-02	0.156079D-02	0.123181D-02	0.101175D-02	0.888767D-03
0.100828D-02	0.184627D-02	0.419516D-02	0.877779D-02	0.159816D-01
0.256803D-01	0.372713D-01	0.500367D-01	0.630345D-01	
0.331998D-02	0.193662D-02	0.159311D-02	0.138267D-02	0.135515D-02
0.215479D-02	0.519450D-02	0.121263D-01	0.239027D-01	0.403429D-01
0.603197D-01	0.821240D-01	0.104104D+00	0.124789D+00	
0.443482D-03	0.949290D-03	0.114663D-02	0.114997D-02	0.186911D-02
0.541812D-02	0.150974D-01	0.333332D-01	0.601544D-01	0.933827D-01
0.129674D+00	0.165508D+00	0.198647D+00	0.226862D+00	
0.235893D-03	0.547764D-03	0.811043D-03	0.139463D-02	0.493569D-02
0.169790D-01	0.430330D-01	0.843125D-01	0.136907D+00	0.194654D+00
0.250877D+00	0.300898D+00	0.341892D+00	0.372787D+00	
0.193104D-04	0.177058D-03	0.731498D-03	0.380403D-02	0.173680D-01
0.522549D-01	0.112661D+00	0.192049D+00	0.279108D+00	0.361920D+00
0.432910D+00	0.487628D+00	0.525006D+00	0.546694D+00	
0.147686D-04	0.376416D-03	0.318382D-02	0.174082D-01	0.628444D-01
0.151040D+00	0.271613D+00	0.403019D+00	0.524706D+00	0.623839D+00
0.695680D+00	0.740043D+00	0.760757D+00	0.761811D+00	
0.137008D-03	0.377125D-02	0.202580D-01	0.796945D-01	0.212263D+00
0.399901D+00	0.597847D+00	0.768149D+00	0.896312D+00	0.979864D+00
0.102315D+01	0.103535D+01	0.102387D+01	0.997105D+00	
0.774882D-02	0.368537D-01	0.112563D+00	0.321870D+00	0.633281D+00
0.937136D+00	0.116531D+01	0.130445D+01	0.137172D+01	0.138599D+01
0.136712D+01	0.132587D+01	0.127063D+01	0.121042D+01	
0.159172D+00	0.204790D+00	0.545401D+00	0.112664D+01	0.161859D+01
0.189143D+01	0.197942D+01	0.195542D+01	0.187923D+01	0.177936D+01
0.167305D+01	0.156816D+01	0.146958D+01	0.137570D+01	
0.426719D+00	0.102703D+01	0.231905D+01	0.313424D+01	0.328992D+01
0.309078D+01	0.278151D+01	0.247409D+01	0.219999D+01	0.196591D+01
0.176511D+01	0.159580D+01	0.144802D+01	0.131744D+01	
0.318591D+01	0.647052D+01	0.706480D+01	0.614025D+01	0.488481D+01
0.388584D+01	0.313861D+01	0.259246D+01	0.218670D+01	0.187643D+01
0.162969D+01	0.142911D+01	0.126174D+01	0.112064D+01	
0.294711D+02	0.172893D+02	0.107540D+02	0.719817D+01	0.517330D+01
0.395191D+01	0.314406D+01	0.257809D+01	0.215650D+01	0.182644D+01
0.156205D+01	0.134579D+01	0.116844D+01	0.101888D+01	
0.391924D+02	0.172379D+02	0.107584D+02	0.742472D+01	0.537429D+01
0.400176D+01	0.305500D+01	0.239565D+01	0.190869D+01	0.154735D+01
0.127138D+01	0.105730D+01	0.888099D+00	0.752064D+00	
0.255753D+02	0.156574D+02	0.993245D+01	0.635912D+01	0.415422D+01
0.282028D+01	0.198587D+01	0.144440D+01	0.108096D+01	0.833029D+00
0.649831D+00	0.517163D+00	0.417303D+00	0.341227D+00	
0.143026D-01	0.130693D+00	0.280870D+00	0.345539D+00	0.329731D+00
0.279963D+00	0.226444D+00	0.181036D+00	0.143883D+00	0.114502D+00
0.911160D-01	0.742494D-01	0.606589D-01	0.497917D-01	
0.257054D-04	0.105724D-03	0.143699D-03	0.136312D-03	0.110732D-03
0.896044D-04	0.804131D-04	0.930091D-04	0.126744D-03	0.179244D-03
0.249548D-03	0.327943D-03	0.411784D-03	0.499832D-03	
0.271558D-04	0.163468D-03	0.261906D-03	0.271430D-03	0.232558D-03
0.184100D-03	0.145071D-03	0.122626D-03	0.115676D-03	0.123929D-03
0.147252D-03	0.182238D-03	0.224770D-03	0.273616D-03	
0.113071D-04	0.196211D-04	0.215110D-04	0.228612D-04	0.548526D-04
0.197411D-03	0.542284D-03	0.116892D-02	0.191280D-02	0.281533D-02
0.376124D-02	0.463571D-02	0.539714D-02	0.601610D-02	
0.152030D-04	0.134867D-04	0.141869D-04	0.286639D-04	0.140276D-03
0.508356D-03	0.124509D-02	0.239983D-02	0.362593D-02	0.496908D-02
0.625070D-02	0.732515D-02	0.816735D-02	0.877565D-02	
0.487716D-04	0.271545D-04	0.258905D-04	0.830875D-04	0.396815D-03
0.121555D-02	0.260439D-02	0.449877D-02	0.629006D-02	0.808353D-02
0.963887D-02	0.108068D-01	0.116153D-01	0.120918D-01	
0.353703D-04	0.499420D-04	0.685210D-04	0.263490D-03	0.104866D-02
0.269578D-02	0.505078D-02	0.787928D-02	0.102744D-01	0.124453D-01
0.141890D-01	0.153650D-01	0.160561D-01	0.163464D-01	
0.141487D-05	0.154610D-04	0.118536D-03	0.753180D-03	0.253074D-02
0.543609D-02	0.889395D-02	0.124995D-01	0.151592D-01	0.173515D-01
0.189649D-01	0.198939D-01	0.203250D-01	0.203417D-01	
0.478623D-05	0.705030D-04	0.514727D-03	0.233643D-02	0.594427D-02
0.104868D-01	0.148780D-01	0.187296D-01	0.210555D-01	0.227074D-01
0.237389D-01	0.240987D-01	0.240100D-01	0.236106D-01	
0.361621D-04	0.320354D-03	0.187506D-02	0.612430D-02	0.120007D-01
0.175851D-01	0.218198D-01	0.248801D-01	0.261281D-01	0.267672D-01
0.268850D-01	0.265657D-01	0.259489D-01	0.251583D-01	
0.300692D-03	0.130723D-02	0.586941D-02	0.138003D-01	0.213118D-01
0.263748D-01	0.290715D-01	0.303454D-01	0.300379D-01	0.294400D-01
0.286662D-01	0.276763D-01	0.266071D-01	0.254890D-01	
0.170540D-02	0.516048D-02	0.161681D-01	0.277524D-01	0.344212D-01
0.367085D-01	0.364651D-01	0.354680D-01	0.335944D-01	0.320544D-01
0.306613D-01	0.293358D-01	0.280545D-01	0.268170D-01	
0.431648D-02	0.188356D-01	0.384025D-01	0.483006D-01	0.496339D-01
0.469947D-01	0.435334D-01	0.406596D-01	0.377349D-01	0.357073D-01
0.339920D-01	0.324881D-01	0.309937D-01	0.295095D-01	
0.230645D-01	0.572745D-01	0.711812D-01	0.679551D-01	0.597769D-01
0.518990D-01	0.460143D-01	0.424475D-01	0.394564D-01	0.375667D-01
0.360479D-01	0.345916D-01	0.330970D-01	0.315098D-01	
0.124419D+00	0.128333D+00	0.105225D+00	0.813072D-01	0.639203D-01
0.526637D-01	0.464267D-01	0.433174D-01	0.408796D-01	0.394126D-01
0.381076D-01	0.366442D-01	0.350738D-01	0.333375D-01	
0.406119D+00	0.200475D+00	0.124191D+00	0.853328D-01	0.643935D-01
0.539029D-01	0.487822D-01	0.466406D-01	0.445444D-01	0.431142D-01
0.416361D-01	0.398892D-01	0.379898D-01	0.359654D-01	
0.467640D+00	0.188140D+00	0.985779D-01	0.681432D-01	0.577725D-01
0.544752D-01	0.531819D-01	0.524526D-01	0.506383D-01	0.489642D-01
0.470021D-01	0.448419D-01	0.425045D-01	0.400951D-01	
0.621352D-01	0.796826D-01	0.824623D-01	0.805109D-01	0.765533D-01
0.722429D-01	0.676505D-01	0.638133D-01	0.591204D-01	0.552073D-01
0.515783D-01	0.480960D-01	0.448124D-01	0.417264D-01	
0.113318D+00	0.127019D+00	0.120201D+00	0.107696D+00	0.945509D-01
0.831123D-01	0.735511D-01	0.664457D-01	0.597951D-01	0.545276D-01
0.499966D-01	0.459317D-01	0.422224D-01	0.388490D-01	
0.616582D+00	0.305954D+00	0.197205D+00	0.142138D+00	0.111169D+00
0.910456D-01	0.770448D-01	0.672575D-01	0.587183D-01	0.520840D-01
0.464674D-01	0.416206D-01	0.373190D-01	0.335519D-01	
0.737391D+00	0.337253D+00	0.198985D+00	0.135130D+00	0.101251D+00
0.805337D-01	0.667944D-01	0.571713D-01	0.490686D-01	0.428628D-01
0.376478D-01	0.332045D-01	0.293708D-01	0.260546D-01	
0.121551D+00	0.175583D+00	0.171625D+00	0.144512D+00	0.115143D+00
0.904719D-01	0.718141D-01	0.577745D-01	0.466725D-01	0.382878D-01
0.316555D-01	0.264296D-01	0.222277D-01	0.187994D-01	
0.247101D-04	0.769489D-03	0.348123D-02	0.691577D-02	0.932708D-02
0.103632D-01	0.105311D-01	0.101635D-01	0.938704D-02	0.857032D-02
0.775978D-02	0.698476D-02	0.623754D-02	0.558088D-02	
0.259965D-04	0.118139D-03	0.159856D-03	0.147433D-03	0.118127D-03
0.896638D-04	0.679513D-04	0.523737D-04	0.410366D-04	0.337107D-04
0.302028D-04	0.274744D-04	0.265916D-04	0.259757D-04	
0.277311D-05	0.251763D-04	0.902579D-04	0.151372D-03	0.177657D-03
0.174919D-03	0.157660D-03	0.136237D-03	0.114934D-03	0.959656D-04
0.797772D-04	0.662454D-04	0.550507D-04	0.459061D-04	
0.184677D-04	0.812386D-04	0.197357D-03	0.261526D-03	0.262991D-03
0.232372D-03	0.193634D-03	0.157178D-03	0.126594D-03	0.101883D-03
0.820954D-04	0.665856D-04	0.543093D-04	0.446619D-04	
0.398591D-04	0.207299D-03	0.396772D-03	0.461052D-03	0.428717D-03
0.359204D-03	0.287986D-03	0.227966D-03	0.180277D-03	0.143455D-03
0.114966D-03	0.930125D-04	0.761490D-04	0.629577D-04	
0.186035D-03	0.513567D-03	0.653301D-03	0.616631D-03	0.516956D-03
0.414583D-03	0.331467D-03	0.266279D-03	0.217169D-03	0.178457D-03
0.148401D-03	0.124322D-03	0.105327D-03	0.896285D-04	
0.401822D-03	0.672972D-03	0.703581D-03	0.617609D-03	0.502242D-03
0.402169D-03	0.324398D-03	0.266503D-03	0.222057D-03	0.187842D-03
0.160098D-03	0.137203D-03	0.118063D-03	0.102554D-03	
0.212776D-02	0.163693D-02	0.116079D-02	0.800025D-03	0.577646D-03
0.441628D-03	0.355185D-03	0.295048D-03	0.248867D-03	0.212476D-03
0.181961D-03	0.156215D-03	0.134316D-03	0.115610D-03	
0.278464D-02	0.100600D-02	0.597439D-03	0.479699D-03	0.441844D-03
0.413773D-03	0.378655D-03	0.339337D-03	0.297819D-03	0.257841D-03
0.222037D-03	0.190278D-03	0.162320D-03	0.138440D-03	
0.335173D-02	0.170013D-02	0.110465D-02	0.930404D-03	0.841806D-03
0.746246D-03	0.639558D-03	0.535980D-03	0.443739D-03	0.364879D-03
0.299032D-03	0.245709D-03	0.202218D-03	0.166830D-03	
0.256430D-03	0.591572D-03	0.113324D-02	0.136310D-02	0.129666D-02
0.109976D-02	0.885885D-03	0.698792D-03	0.547889D-03	0.429129D-03
0.337743D-03	0.268307D-03	0.214305D-03	0.172127D-03	
0.796100D-03	0.209906D-02	0.257998D-02	0.230620D-02	0.181047D-02
0.135024D-02	0.990536D-03	0.728425D-03	0.539431D-03	0.405782D-03
0.308358D-03	0.237855D-03	0.185329D-03	0.146044D-03	
0.880717D-02	0.607180D-02	0.422533D-02	0.298777D-02	0.216726D-02
0.160789D-02	0.121901D-02	0.939544D-03	0.737504D-03	0.588035D-03
0.472844D-03	0.384939D-03	0.316335D-03	0.261489D-03	
0.143212D-01	0.618665D-02	0.391110D-02	0.282825D-02	0.209876D-02
0.159217D-02	0.122350D-02	0.954513D-03	0.755966D-03	0.604645D-03
0.489146D-03	0.400045D-03	0.329360D-03	0.273531D-03	
0.125156D-01	0.700909D-02	0.435787D-02	0.280742D-02	0.188312D-02
0.130856D-02	0.942942D-03	0.700201D-03	0.534312D-03	0.415650D-03
0.329138D-03	0.265053D-03	0.215880D-03	0.177285D-03	
0.477753D-04	0.156465D-03	0.264446D-03	0.297741D-03	0.274036D-03
0.232970D-03	0.193588D-03	0.157211D-03	0.128381D-03	0.104615D-03
0.857677D-04	0.708590D-04	0.586163D-04	0.486121D-04	
0.220341D-03	0.394939D-03	0.401830D-03	0.349866D-03	0.282632D-03
0.222923D-03	0.174341D-03	0.137132D-03	0.108341D-03	0.858941D-04
0.686080D-04	0.553263D-04	0.449593D-04	0.367973D-04	
0.311086D-02	0.169530D-02	0.107909D-02	0.738449D-03	0.522987D-03
0.375206D-03	0.274728D-03	0.204482D-03	0.154371D-03	0.118462D-03
0.914790D-04	0.719473D-04	0.571652D-04	0.458891D-04	
0.454022D-02	0.198430D-02	0.124774D-02	0.860131D-03	0.599063D-03
0.421762D-03	0.300600D-03	0.217737D-03	0.160645D-03	0.120037D-03
0.912389D-04	0.703008D-04	0.546527D-04	0.431630D-04	
0.351756D-02	0.238433D-02	0.157339D-02	0.102507D-02	0.663351D-03
0.442815D-03	0.301379D-03	0.212071D-03	0.152253D-03	0.112378D-03
0.845159D-04	0.643783D-04	0.497886D-04	0.391075D-04	
0.273924D-03	0.726886D-03	0.883410D-03	0.791588D-03	0.627968D-03
0.471354D-03	0.348141D-03	0.258512D-03	0.193737D-03	0.146908D-03
0.112163D-03	0.866823D-04	0.678961D-04	0.539436D-04	
0.340347D-05	0.572193D-04	0.149627D-03	0.206773D-03	0.216871D-03
0.201362D-03	0.174745D-03	0.147574D-03	0.122565D-03	0.101473D-03
0.836735D-04	0.694065D-04	0.575284D-04	0.478873D-04	
0.832591D-06	0.439219D-05	0.883172D-05	0.141202D-04	0.181428D-04
0.202411D-04	0.204769D-04	0.194877D-04	0.178957D-04	0.160143D-04
0.141484D-04	0.124530D-04	0.108138D-04	0.935041D-05	
0.923619D-06	0.369917D-05	0.440483D-05	0.364575D-05	0.260195D-05
0.179785D-05	0.123075D-05	0.853793D-06	0.607252D-06	0.438274D-06
0.322144D-06	0.238968D-06	0.181897D-06	0.140123D-06	
0.607879D-06	0.257015D-05	0.407824D-05	0.407018D-05	0.343815D-05
0.261617D-05	0.196823D-05	0.147305D-05	0.110457D-05	0.832614D-06
0.635280D-06	0.489590D-06	0.381518D-06	0.301775D-06	
0.107442D+01	0.483559D+01	0.760524D+01	0.101155D+02	0.120713D+02
0.143435D+02	0.163819D+02	0.186422D+02	0.204979D+02	0.220171D+02
0.231414D+02	0.240074D+02	0.245126D+02	0.247236D+02	
0.233708D+01	0.380419D+01	0.565990D+01	0.792116D+01	0.110896D+02
0.151890D+02	0.199740D+02	0.247617D+02	0.289386D+02	0.322084D+02
0.345987D+02	0.364860D+02	0.375565D+02	0.383158D+02	
0.207589D+01	0.343913D+01	0.525590D+01	0.805470D+01	0.114017D+02
0.150920D+02	0.186349D+02	0.219398D+02	0.246135D+02	0.270282D+02
0.289035D+02	0.304310D+02	0.316216D+02	0.327207D+02	
0.325580D+01	0.824262D+01	0.185570D+02	0.259449D+02	0.292621D+02
0.311686D+02	0.323285D+02	0.333485D+02	0.340957D+02	0.348672D+02
0.356510D+02	0.365259D+02	0.374446D+02	0.385617D+02	
0.278850D+01	0.989611D+01	0.216953D+02	0.323139D+02	0.394702D+02
0.446658D+02	0.488829D+02	0.517912D+02	0.542986D+02	0.580053D+02
0.615294D+02	0.653221D+02	0.695366D+02	0.741859D+02	
0.244303D+01	0.646646D+01	0.114483D+02	0.172126D+02	0.222614D+02
0.271831D+02	0.324796D+02	0.389291D+02	0.462182D+02	0.541105D+02
0.622741D+02	0.708789D+02	0.802156D+02	0.905857D+02	
0.373741D+01	0.651761D+01	0.121566D+02	0.211182D+02	0.320347D+02
0.436652D+02	0.562099D+02	0.691056D+02	0.817365D+02	0.963275D+02
0.109442D+03	0.120681D+03	0.132186D+03	0.143262D+03	
0.313468D+01	0.687165D+01	0.143260D+02	0.268423D+02	0.429519D+02
0.606180D+02	0.788875D+02	0.957209D+02	0.110289D+03	0.121779D+03
0.130093D+03	0.137136D+03	0.143010D+03	0.147430D+03	
0.381345D+01	0.784555D+01	0.167565D+02	0.322516D+02	0.527660D+02
0.718240D+02	0.852263D+02	0.951756D+02	0.101983D+03	0.108105D+03
0.111880D+03	0.115603D+03	0.118376D+03	0.120669D+03	
0.142415D+01	0.211038D+01	0.359896D+01	0.589842D+01	0.912143D+01
0.131150D+02	0.178472D+02	0.235021D+02	0.295093D+02	0.365684D+02
0.443451D+02	0.529590D+02	0.620349D+02	0.717518D+02	
0.248292D+01	0.747239D+01	0.156678D+02	0.283532D+02	0.467699D+02
0.699314D+02	0.943871D+02	0.120150D+03	0.144469D+03	0.165779D+03
0.187010D+03	0.204180D+03	0.220396D+03	0.233304D+03	
0.164523D+01	0.354468D+01	0.861888D+01	0.173074D+02	0.299605D+02
0.450999D+02	0.614112D+02	0.778129D+02	0.937112D+02	0.107073D+03
0.119654D+03	0.129341D+03	0.139250D+03	0.146766D+03	
0.202684D+01	0.452355D+01	0.838243D+01	0.144431D+02	0.238354D+02
0.360334D+02	0.509855D+02	0.672865D+02	0.853291D+02	0.102810D+03
0.119622D+03	0.135118D+03	0.149017D+03	0.161067D+03	
0.427319D+01	0.851774D+01	0.154945D+02	0.235650D+02	0.324967D+02
0.430737D+02	0.559957D+02	0.692127D+02	0.830576D+02	0.968454D+02
0.110235D+03	0.122707D+03	0.133304D+03	0.142967D+03	
0.133185D+01	0.319128D+01	0.870370D+01	0.178243D+02	0.283228D+02
0.406586D+02	0.547941D+02	0.700463D+02	0.879085D+02	0.107356D+03
0.128434D+03	0.149522D+03	0.168048D+03	0.185159D+03	
0.205368D+01	0.425243D+01	0.101155D+02	0.248826D+02	0.475204D+02
0.738734D+02	0.984918D+02	0.122493D+03	0.147615D+03	0.172628D+03
0.197185D+03	0.224128D+03	0.248609D+03	0.272414D+03	
0.105619D+02	0.207884D+02	0.336113D+02	0.502693D+02	0.746888D+02
0.109705D+03	0.155472D+03	0.210122D+03	0.268582D+03	0.333924D+03
0.400921D+03	0.458919D+03	0.514121D+03	0.561837D+03	
0.550802D+01	0.174764D+02	0.300151D+02	0.444766D+02	0.644636D+02
0.894368D+02	0.122622D+03	0.164495D+03	0.215781D+03	0.275075D+03
0.341359D+03	0.409413D+03	0.478507D+03	0.551315D+03	
0.725460D+01	0.109692D+02	0.174219D+02	0.274144D+02	0.416785D+02
0.615292D+02	0.881266D+02	0.121096D+03	0.159363D+03	0.204327D+03
0.254101D+03	0.306862D+03	0.360792D+03	0.413224D+03	
0.332358D+01	0.631373D+01	0.112167D+02	0.182671D+02	0.282562D+02
0.417082D+02	0.604195D+02	0.839960D+02	0.111907D+03	0.145235D+03
0.180539D+03	0.216136D+03	0.253412D+03	0.290050D+03	
0.275637D+01	0.487116D+01	0.856005D+01	0.139650D+02	0.217983D+02
0.322564D+02	0.452646D+02	0.601764D+02	0.766969D+02	0.927724D+02
0.109801D+03	0.128373D+03	0.148024D+03	0.166939D+03	
0.344610D+01	0.375093D+01	0.550119D+01	0.901381D+01	0.137532D+02
0.190192D+02	0.238761D+02	0.283247D+02	0.321110D+02	0.358393D+02
0.396280D+02	0.436400D+02	0.473306D+02	0.509671D+02	
0.186386D+01	0.340457D+01	0.585871D+01	0.851636D+01	0.110850D+02
0.131025D+02	0.146095D+02	0.158969D+02	0.170229D+02	0.179360D+02
0.190195D+02	0.200915D+02	0.213602D+02	0.225846D+02	
0.136288D+01	0.342293D+01	0.606619D+01	0.836512D+01	0.966904D+01
0.104463D+02	0.107417D+02	0.108209D+02	0.108290D+02	0.108286D+02
0.107884D+02	0.107694D+02	0.107767D+02	0.108819D+02	
0.332755D+01	0.625211D+01	0.978201D+01	0.123301D+02	0.136320D+02
0.142915D+02	0.144914D+02	0.145874D+02	0.146341D+02	0.145169D+02
0.144630D+02	0.143047D+02	0.143027D+02	0.143545D+02	
0.393330D+01	0.595857D+01	0.929237D+01	0.122511D+02	0.140180D+02
0.149876D+02	0.153121D+02	0.153419D+02	0.152127D+02	0.150713D+02
0.149393D+02	0.148815D+02	0.148371D+02	0.148223D+02	
0.660152D+00	0.317821D+01	0.805696D+01	0.140667D+02	0.205315D+02
0.262286D+02	0.310233D+02	0.344733D+02	0.364444D+02	0.381092D+02
0.392101D+02	0.398340D+02	0.397775D+02	0.396976D+02	
0.262833D+01	0.230253D+00	0.268033D+00	0.351659D+00	0.441205D+00
0.524685D+00	0.613312D+00	0.690503D+00	0.766704D+00	0.842147D+00
0.917210D+00	0.971317D+00	0.105302D+01	0.112780D+01	
0.178285D+00	0.212324D+00	0.224732D+00	0.230383D+00	0.233386D+00
0.235162D+00	0.236296D+00	0.237064D+00	0.237607D+00	0.238005D+00
0.238305D+00	0.238538D+00	0.238721D+00	0.238868D+00	
0.170497D+00	0.208090D+00	0.222191D+00	0.228693D+00	0.232175D+00
0.234245D+00	0.235573D+00	0.236475D+00	0.237115D+00	0.237586D+00
0.237942D+00	0.238219D+00	0.238437D+00	0.238613D+00	
0.118214D+01	0.125733D+01	0.127206D+01	0.127409D+01	0.127324D+01
0.127378D+01	0.128071D+01	0.129939D+01	0.132792D+01	0.134236D+01
0.128991D+01	0.113124D+01	0.904314D+00	0.687244D+00	
0.321302D+01	0.105935D+02	0.186635D+02	0.214582D+02	0.200272D+02
0.225968D+02	0.248240D+02	0.274743D+02	0.285957D+02	0.333752D+02
0.809482D+02	0.110160D+03	0.141503D+03	0.173974D+03	
0.214606D+01	0.491895D+01	0.912446D+01	0.128760D+02	0.153825D+02
0.201445D+02	0.240171D+02	0.487370D+02	0.714024D+02	0.102126D+03
0.152203D+03	0.194915D+03	0.240525D+03	0.283205D+03	
0.270344D+01	0.638381D+01	0.682097D+01	0.726899D+01	0.955836D+01
0.165963D+02	0.280874D+02	0.870565D+02	0.133105D+03	0.180078D+03
0.240605D+03	0.292308D+03	0.346085D+03	0.395921D+03	
0.295678D+01	0.350109D+01	0.496340D+01	0.700489D+01	0.105381D+02
0.216261D+02	0.534733D+02	0.135640D+03	0.191999D+03	0.241663D+03
0.296468D+03	0.350945D+03	0.407992D+03	0.464622D+03	
0.231104D+01	0.380226D+01	0.708123D+01	0.126607D+02	0.222241D+02
0.516372D+02	0.127233D+03	0.194278D+03	0.246741D+03	0.302483D+03
0.360507D+03	0.420925D+03	0.477880D+03	0.540433D+03	
0.192613D+01	0.575633D+01	0.142214D+02	0.230757D+02	0.428211D+02
0.118970D+03	0.189039D+03	0.235705D+03	0.294057D+03	0.361052D+03
0.435528D+03	0.511787D+03	0.591585D+03	0.670021D+03	
0.409868D+01	0.696695D+01	0.123934D+02	0.222281D+02	0.103836D+03
0.186588D+03	0.226200D+03	0.297966D+03	0.385634D+03	0.482064D+03
0.588385D+03	0.691691D+03	0.804409D+03	0.910648D+03	
0.235794D+01	0.780760D+01	0.208753D+02	0.901963D+02	0.158620D+03
0.189167D+03	0.264261D+03	0.363572D+03	0.483368D+03	0.611879D+03
0.749829D+03	0.886300D+03	0.102033D+04	0.115071D+04	
0.146789D+02	0.290727D+02	0.608648D+02	0.810701D+02	0.121894D+03
0.191514D+03	0.283433D+03	0.394942D+03	0.531084D+03	0.683598D+03
0.841320D+03	0.996311D+03	0.114651D+04	0.128332D+04	
0.642862D+01	0.215289D+02	0.384605D+02	0.724824D+02	0.127299D+03
0.204334D+03	0.303841D+03	0.426280D+03	0.565738D+03	0.710930D+03
0.857304D+03	0.994016D+03	0.112086D+04	0.124264D+04	
0.328036D+01	0.106561D+02	0.325970D+02	0.703649D+02	0.117721D+03
0.182244D+03	0.264374D+03	0.357929D+03	0.460879D+03	0.566911D+03
0.688856D+03	0.805858D+03	0.935541D+03	0.105662D+04	
0.204760D+01	0.858887D+01	0.325328D+02	0.704193D+02	0.113731D+03
0.165853D+03	0.227178D+03	0.295086D+03	0.373080D+03	0.462261D+03
0.563395D+03	0.680115D+03	0.816728D+03	0.968277D+03	
0.275969D+01	0.111438D+02	0.314225D+02	0.560657D+02	0.883948D+02
0.126592D+03	0.173642D+03	0.232621D+03	0.302296D+03	0.395892D+03
0.506340D+03	0.644055D+03	0.815880D+03	0.101220D+04	
0.527196D+01	0.129644D+02	0.232814D+02	0.379807D+02	0.557607D+02
0.793877D+02	0.111263D+03	0.151350D+03	0.205669D+03	0.276865D+03
0.366727D+03	0.475821D+03	0.606379D+03	0.742568D+03	
0.430714D+01	0.884133D+01	0.157842D+02	0.241349D+02	0.373991D+02
0.559543D+02	0.827660D+02	0.121426D+03	0.173257D+03	0.241215D+03
0.321665D+03	0.411405D+03	0.509024D+03	0.604380D+03	
0.295461D+01	0.535557D+01	0.959466D+01	0.181614D+02	0.336459D+02
0.581523D+02	0.947858D+02	0.139909D+03	0.190320D+03	0.242976D+03
0.294585D+03	0.346832D+03	0.392846D+03	0.437437D+03	
0.415862D+01	0.894809D+01	0.168574D+02	0.276400D+02	0.391112D+02
0.516069D+02	0.648971D+02	0.777453D+02	0.912500D+02	0.103849D+03
0.116783D+03	0.128565D+03	0.141057D+03	0.151977D+03	
0.115693D+01	0.304987D+01	0.486990D+01	0.687479D+01	0.921390D+01
0.118484D+02	0.145595D+02	0.172564D+02	0.196043D+02	0.216422D+02
0.235495D+02	0.252593D+02	0.266220D+02	0.279368D+02	
0.172716D+00	0.113332D+00	0.127543D+00	0.151757D+00	0.180107D+00
0.211456D+00	0.245548D+00	0.283274D+00	0.327826D+00	0.390423D+00
0.477349D+00	0.587564D+00	0.729168D+00	0.877982D+00	
0.278833D+01	0.368586D+01	0.504392D+01	0.597144D+01	0.675465D+01
0.760494D+01	0.806681D+01	0.778084D+01	0.675009D+01	0.600938D+01
0.562899D+01	0.553242D+01	0.560814D+01	0.565315D+01	
0.234646D+01	0.459105D+01	0.670869D+01	0.808795D+01	0.888130D+01
0.946398D+01	0.993578D+01	0.104862D+02	0.104389D+02	0.950966D+01
0.805437D+01	0.684789D+01	0.596278D+01	0.529901D+01	
0.284909D+01	0.622599D+01	0.104576D+02	0.218810D+02	0.121772D+03
0.216529D+03	0.282956D+03	0.365330D+03	0.461095D+03	0.555240D+03
0.667143D+03	0.775207D+03	0.880678D+03	0.976577D+03	
0.163820D+01	0.476598D+01	0.962923D+01	0.629867D+02	0.173865D+03
0.244919D+03	0.335282D+03	0.436862D+03	0.562671D+03	0.680027D+03
0.803681D+03	0.913261D+03	0.102057D+04	0.111820D+04	
0.251618D+01	0.516465D+01	0.131427D+02	0.783604D+02	0.168437D+03
0.260333D+03	0.370046D+03	0.470361D+03	0.602574D+03	0.713134D+03
0.824603D+03	0.917678D+03	0.101208D+04	0.110507D+04	
0.228034D+01	0.776060D+01	0.252552D+02	0.117548D+03	0.195789D+03
0.292709D+03	0.412712D+03	0.515881D+03	0.672470D+03	0.802671D+03
0.931939D+03	0.104908D+04	0.116727D+04	0.127385D+04	
0.363404D+01	0.160405D+02	0.648960D+02	0.120076D+03	0.199609D+03
0.298984D+03	0.413197D+03	0.499590D+03	0.657955D+03	0.790168D+03
0.933318D+03	0.105847D+04	0.120604D+04	0.134187D+04	
0.795079D+01	0.176560D+02	0.584861D+02	0.117751D+03	0.199152D+03
0.300663D+03	0.406027D+03	0.484209D+03	0.652255D+03	0.789955D+03
0.947384D+03	0.110402D+04	0.127195D+04	0.143854D+04	
0.711389D+01	0.235012D+02	0.615599D+02	0.103476D+03	0.152625D+03
0.211780D+03	0.278164D+03	0.320495D+03	0.441178D+03	0.546793D+03
0.677935D+03	0.823422D+03	0.988772D+03	0.117991D+04	
0.804455D+01	0.249363D+02	0.468239D+02	0.738449D+02	0.109657D+03
0.151643D+03	0.204137D+03	0.243799D+03	0.350608D+03	0.447485D+03
0.569558D+03	0.713164D+03	0.878664D+03	0.105786D+04	
0.392696D+01	0.252706D+02	0.431218D+02	0.613906D+02	0.851289D+02
0.112228D+03	0.149762D+03	0.179852D+03	0.271160D+03	0.361712D+03
0.482939D+03	0.619065D+03	0.783526D+03	0.967567D+03	
0.997091D+01	0.175444D+02	0.268843D+02	0.394698D+02	0.569366D+02
0.811675D+02	0.115293D+03	0.147878D+03	0.228240D+03	0.315111D+03
0.426938D+03	0.554903D+03	0.697360D+03	0.836140D+03	
0.901564D+01	0.134795D+02	0.208041D+02	0.322084D+02	0.483230D+02
0.722162D+02	0.108650D+03	0.147228D+03	0.245939D+03	0.354479D+03
0.492336D+03	0.650927D+03	0.804015D+03	0.963514D+03	
0.398497D+01	0.767498D+01	0.133374D+02	0.213720D+02	0.331110D+02
0.536914D+02	0.885102D+02	0.131268D+03	0.230026D+03	0.341977D+03
0.472942D+03	0.618139D+03	0.767330D+03	0.914314D+03	
0.348649D+01	0.624156D+01	0.100834D+02	0.156673D+02	0.271200D+02
0.501295D+02	0.928258D+02	0.145934D+03	0.260990D+03	0.389009D+03
0.543070D+03	0.716378D+03	0.893506D+03	0.107642D+04	
0.312276D+01	0.370691D+01	0.625583D+01	0.134907D+02	0.302444D+02
0.606247D+02	0.107527D+03	0.159353D+03	0.258017D+03	0.360458D+03
0.482333D+03	0.613655D+03	0.759194D+03	0.912678D+03	
0.218608D+01	0.478068D+01	0.103782D+02	0.204876D+02	0.378393D+02
0.655678D+02	0.106850D+03	0.148554D+03	0.245229D+03	0.345122D+03
0.468671D+03	0.609981D+03	0.763329D+03	0.936221D+03	
0.140957D+01	0.378043D+01	0.881143D+01	0.178332D+02	0.328365D+02
0.560110D+02	0.909809D+02	0.127515D+03	0.204324D+03	0.285529D+03
0.383046D+03	0.486555D+03	0.587736D+03	0.678399D+03	
0.314012D+01	0.624219D+01	0.129127D+02	0.251374D+02	0.450409D+02
0.757724D+02	0.119591D+03	0.155186D+03	0.240968D+03	0.313826D+03
0.395896D+03	0.472355D+03	0.550916D+03	0.626603D+03	
0.379063D+01	0.626297D+01	0.123682D+02	0.244058D+02	0.441208D+02
0.734409D+02	0.112513D+03	0.139828D+03	0.208113D+03	0.248401D+03
0.285105D+03	0.313523D+03	0.332298D+03	0.347006D+03	
0.764138D+00	0.409293D+01	0.105560D+02	0.192593D+02	0.297532D+02
0.421358D+02	0.558658D+02	0.626275D+02	0.867709D+02	0.102948D+03
0.117837D+03	0.131765D+03	0.146267D+03	0.160274D+03	
0.128191D+01	0.742503D+00	0.903788D+00	0.126099D+01	0.179830D+01
0.244400D+01	0.314554D+01	0.391979D+01	0.479297D+01	0.566025D+01
0.656552D+01	0.749581D+01	0.853340D+01	0.962294D+01	
0.245949D+01	0.284333D+01	0.349374D+01	0.402465D+01	0.432152D+01
0.457432D+01	0.480121D+01	0.473133D+01	0.537216D+01	0.559071D+01
0.638168D+01	0.675740D+01	0.671158D+01	0.669533D+01	
0.106885D+02	0.156486D+02	0.161403D+02	0.171655D+02	0.179483D+02
0.187432D+02	0.194381D+02	0.199416D+02	0.203067D+02	0.208030D+02
0.212177D+02	0.215174D+02	0.219425D+02	0.222792D+02	
0.877547D+01	0.179272D+02	0.164038D+02	0.168871D+02	0.175930D+02
0.180936D+02	0.184226D+02	0.186384D+02	0.187860D+02	0.188881D+02
0.190455D+02	0.191645D+02	0.193686D+02	0.194712D+02	
0.118932D+02	0.217541D+02	0.273725D+02	0.296377D+02	0.302954D+02
0.306255D+02	0.305717D+02	0.303703D+02	0.309046D+02	0.315439D+02
0.324402D+02	0.334471D+02	0.344403D+02	0.353388D+02	
0.770201D+01	0.105400D+02	0.150583D+02	0.196986D+02	0.235520D+02
0.273806D+02	0.309040D+02	0.346835D+02	0.379520D+02	0.409610D+02
0.434599D+02	0.452935D+02	0.464384D+02	0.469964D+02	
0.115051D+02	0.129792D+02	0.177826D+02	0.225974D+02	0.271660D+02
0.315543D+02	0.361319D+02	0.406457D+02	0.440444D+02	0.466566D+02
0.483396D+02	0.494657D+02	0.501597D+02	0.502079D+02	
0.351982D+01	0.633770D+01	0.859793D+01	0.118556D+02	0.166754D+02
0.229816D+02	0.295813D+02	0.348518D+02	0.386490D+02	0.410706D+02
0.426490D+02	0.437220D+02	0.444526D+02	0.447921D+02	
0.278042D+01	0.423559D+01	0.836425D+01	0.157353D+02	0.221698D+02
0.260784D+02	0.279894D+02	0.287979D+02	0.295775D+02	0.301083D+02
0.305897D+02	0.309998D+02	0.314688D+02	0.318395D+02	
0.292576D+01	0.428654D+01	0.889829D+01	0.172446D+02	0.234679D+02
0.259505D+02	0.268510D+02	0.272609D+02	0.273136D+02	0.273045D+02
0.274573D+02	0.276559D+02	0.277566D+02	0.279591D+02	
0.112745D+02	0.159426D+02	0.208323D+02	0.242137D+02	0.258937D+02
0.270500D+02	0.278233D+02	0.280989D+02	0.284240D+02	0.287710D+02
0.289779D+02	0.291422D+02	0.293421D+02	0.296062D+02	
0.425354D+01	0.875187D+01	0.147386D+02	0.198113D+02	0.232642D+02
0.253826D+02	0.269764D+02	0.279225D+02	0.287133D+02	0.292144D+02
0.299479D+02	0.303114D+02	0.309113D+02	0.314085D+02	
0.263487D+01	0.599633D+01	0.111424D+02	0.184397D+02	0.268972D+02
0.345531D+02	0.403658D+02	0.441109D+02	0.464473D+02	0.474518D+02
0.480043D+02	0.478066D+02	0.476161D+02	0.473963D+02	
0.383361D+01	0.798347D+01	0.152602D+02	0.232686D+02	0.308603D+02
0.372140D+02	0.421309D+02	0.454456D+02	0.483305D+02	0.509585D+02
0.527057D+02	0.541917D+02	0.553284D+02	0.565916D+02	
0.196045D+01	0.428175D+01	0.644605D+01	0.914346D+01	0.120653D+02
0.153121D+02	0.186808D+02	0.218880D+02	0.249238D+02	0.276536D+02
0.301272D+02	0.320583D+02	0.337955D+02	0.352583D+02	
0.925284D+01	0.451900D+01	0.446868D+01	0.511064D+01	0.596555D+01
0.674016D+01	0.738677D+01	0.801846D+01	0.841729D+01	0.880460D+01
0.905448D+01	0.922767D+01	0.940939D+01	0.961312D+01	
0.148406D+01	0.250331D+01	0.427860D+01	0.625865D+01	0.818150D+01
0.978164D+01	0.110564D+02	0.119536D+02	0.126674D+02	0.132639D+02
0.137552D+02	0.140367D+02	0.142621D+02	0.144420D+02	
0.172148D+01	0.323313D+01	0.642022D+01	0.101139D+02	0.130634D+02
0.151496D+02	0.163887D+02	0.171389D+02	0.175321D+02	0.177505D+02
0.179664D+02	0.180537D+02	0.180625D+02	0.180647D+02	
0.338599D+01	0.634560D+01	0.115044D+02	0.168549D+02	0.203635D+02
0.222865D+02	0.233184D+02	0.237614D+02	0.237823D+02	0.238370D+02
0.237882D+02	0.237613D+02	0.238689D+02	0.238042D+02	
0.354484D+01	0.763374D+01	0.111261D+02	0.145159D+02	0.181367D+02
0.207100D+02	0.229161D+02	0.244740D+02	0.256802D+02	0.265061D+02
0.271551D+02	0.277157D+02	0.282719D+02	0.286361D+02	
0.283846D+01	0.101797D+02	0.179573D+02	0.227903D+02	0.250319D+02
0.257173D+02	0.259034D+02	0.256721D+02	0.253419D+02	0.250081D+02
0.248850D+02	0.247746D+02	0.246201D+02	0.244842D+02	
0.151884D+01	0.475625D+01	0.863181D+01	0.123794D+02	0.161607D+02
0.191532D+02	0.219867D+02	0.245163D+02	0.264799D+02	0.279412D+02
0.293756D+02	0.301336D+02	0.309847D+02	0.317953D+02	
0.230668D+01	0.296100D+01	0.310820D+01	0.298054D+01	0.297369D+01
0.306489D+01	0.323427D+01	0.339644D+01	0.354517D+01	0.364271D+01
0.364199D+01	0.361329D+01	0.364751D+01	0.368063D+01	
0.222015D+01	0.184121D+01	0.168502D+01	0.157671D+01	0.153308D+01
0.149964D+01	0.149582D+01	0.150183D+01	0.150974D+01	0.582805D+00
0.582081D+00	0.581467D+00	0.580939D+00	0.580481D+00	
0.120859D+01	0.157725D+01	0.162425D+01	0.169112D+01	0.168960D+01
0.171402D+01	0.170735D+01	0.170104D+01	0.170065D+01	0.170837D+01
0.171036D+01	0.823631D+00	0.820576D+00	0.817908D+00	
